 23        73547 250052 -0.0694 -0.0830   18187.8   53519.5     433.9
 23       167833 260059  0.0039  0.0300    8195.7   59401.7     452.9
 23       196123 210025  0.1481 -0.3308   24052.7   49726.7     419.4
 23       417659 190016  0.3590 -0.6335   52607.0   49467.0     367.0
 23       527200 190015 -0.1493 -0.1609   45808.8   58133.3     385.1
 23       651701 190020 -0.1927  0.4746   16506.0   69528.8     442.8
 23       651920 200020  0.6961  0.0949   18418.8   69541.2     438.8
 23       707926 240045  0.1533 -0.2103   27716.5   60760.3     423.8
 23       824103 170013 -0.3647 -0.2164   39051.3   60815.8     403.1
 23       832764 240057 -0.0206 -0.1638   32548.8   61672.9     415.1
 23       834626 230031  0.3776  0.4887   31447.2   61850.2     416.9
 23       865849 190022  0.1103 -0.1903   32915.7   66039.9     411.9
 23       881744 180013 -0.0427  0.4034   40559.2   69612.7     402.8
 23       889781 260048 -0.0930 -0.1077   39094.3   71971.8     408.3
 23       903280 260068 -0.3276 -0.0192   40047.6   69760.2     404.0
 23       914103 170010  0.2844 -1.3750   34191.1   67355.2     413.3
 23       916691 160016  0.1603 -0.8658   33585.8   67783.0     413.7
 23       947648 170010 -0.4684  0.3575   43629.6   61061.8     394.7
 23       952687 250050 -0.0434  0.1451   53104.8   64831.0     376.0
 23       976063 230037  0.0062  0.1089   46354.6   66711.8     393.4
 23       979719 170013 -0.0206 -0.2742   50049.9   66764.7     381.2
 23      1029983 230043 -0.2171 -0.2640   50396.8   70574.5     386.7
 23      1044622 200022 -0.1829  0.2615   43721.6   69894.8     397.1
 23      1233166 170010  0.2067  0.4614   23442.8   75800.3     434.6
 23      1310274 170011  0.7520 -0.7509   23838.1   83181.7     437.8
 23      1343239 250052 -0.1202 -0.0418   36791.3   72356.8     410.6
 23      1344691 250062  0.1347 -0.0658   32667.6   75805.4     418.2
 23      1492684 160008  0.7304 -0.5036   52309.0   78594.6     384.7
 23      1518941 230042 -0.1673 -0.2591   50166.6   77891.5     386.1
 23      1573794 250053  0.2169 -0.0224   11030.1   86949.2     464.8
 23      1580245 200025 -0.9190  0.1027   13948.6   85610.8     461.1
 23      1910011 210021 -0.0693 -0.3342   28928.2   89789.4     431.8
 23      1921314 170008  1.0841 -0.3287   22744.4   87950.0     442.2
 23      2053756 220025 -0.0899 -0.0049   41877.7   85767.1     407.0
 23      2074866 250049 -0.1024  0.1499   35416.3   86775.8     423.4
 23      2229288 190017  0.6120 -0.8443   53039.7   86676.0     388.6
 23      2313650 180010  0.3993 -0.3644   44134.6   91979.7     408.3
 24       325969 220037 -0.1600 -0.3089   32829.2   47704.4     385.9
 24       355731 210029 -0.2463 -0.0058   40027.7   56459.4     380.9
 24       367250 200025 -0.5184 -0.6120   34025.8   53717.4     389.3
 24       447459 230043 -0.1011 -0.0466   42925.3   51276.7     374.8
 24       463394 200026 -0.3633 -1.1997   51065.6   52436.9     364.6
 24       572146 200024 -0.1936 -0.8318   16302.4   62317.7     412.9
 24       698852 240045 -0.2116 -0.3031   29955.7   62101.8     397.3
 24       754862 150007  0.7235 -0.3170   20098.2   64229.4     407.1
 24       790568 210030 -0.0633 -0.0186   24864.4   71809.9     403.9
 24       811901 200018  0.5949 -0.3315   37478.7   61688.8     390.0
 24       822817 190021  0.3112 -0.8804   33178.9   62051.1     394.1
 24       851645 160008  1.1209 -1.1779   30815.0   65795.5     396.8
 24       851781 230038 -0.0150 -0.0937   32715.4   65700.6     392.9
 24       880666 170011 -0.3170  0.7525   38132.0   70076.0     391.4
 24       889566 190020  0.2754 -0.7428   36439.8   69394.5     389.5
 24       903201 230036  0.2159  0.1791   33271.9   67807.9     395.6
 24       971223 160010 -0.8539 -0.0135   42837.3   66951.0     383.6
 24       972902 190025  0.4445  0.1226   43055.8   66311.5     383.7
 24      1036125 210020 -0.4104 -0.3386   17342.7   76257.9     418.1
 24      1155888 170012  0.5932 -0.2377   13869.4   82973.9     424.6
 24      1257208 210028  0.2007 -0.1939   23371.5   81128.1     410.9
 24      1263506 190019 -0.0002 -0.1069   19895.0   77887.0     413.2
 24      1295768 260059  0.0572 -0.1820   42047.5   75557.9     385.2
 24      1310893 270052 -0.1630 -0.0868   38615.8   76679.9     392.0
 24      1403611 160011 -0.4631 -0.3757   35309.5   83992.8     400.5
 24      1410573 180013  0.7386  0.3343   50981.6   74615.2     372.1
 24      1454351 180014  0.1314  0.7471   45104.2   75502.9     379.5
 24      1523270 170011  0.3498 -0.7253   50326.7   83084.1     380.5
 24      1540975 160005 -0.1840  0.5997   14439.3   84591.3     426.9
 24      1571605 200021  0.4844 -0.4346   15642.9   90053.9     425.0
 24      1575512 200024  0.5882  0.6461   16633.8   87797.9     424.9
 24      1653076 150006 -0.2102  0.0935   18480.5   94104.7     424.8
 24      1682619 210028  0.1786  0.1398   11790.6   92840.1     433.6
 24      1772859 190023 -1.3495  0.1027    9813.6   95252.4     434.8
 24      1963800 160009  0.4994  0.1899   22720.2   92228.9     419.8
 24      1971768 250043  0.0040 -0.1271   21722.4   93988.9     419.8
 24      2013543 240052 -0.0897 -0.0329   41818.8   86404.7     390.5
 24      2024008 220038  0.0109 -0.2189   38523.9   85734.4     395.5
 24      2043316 220034 -0.2970  0.1933   42414.2   90173.9     391.0
 24      2194814 200014  0.7462  1.2074   47519.2   85144.9     382.4
 24      2199548 180012  0.9562 -0.3036   50301.0   86639.6     384.4
 24      2217897 300098 -0.0116 -0.0539   54565.5   90062.3     376.9
 24      2252735 170012  0.1562  0.5436   46738.2   88244.6     383.3
 24      2330797 250045 -0.2077 -0.1203   45178.3   94408.1     391.0
 25        75000 200023  0.1174 -0.9774   11279.6   53756.3     445.9
 25        77719 180009 -0.2493 -1.1219   12602.8   54066.5     441.9
 25       135951 190016  0.1134 -1.1787    7953.4   58119.2     451.6
 25       153069 170016 -0.4568 -0.2719   29364.7   51077.2     414.0
 25       154572 200026 -0.0026 -0.2936   28946.5   48782.6     412.8
 25       156085 160008 -1.1085 -0.3320   25787.1   49081.3     416.9
 25       160051 150006 -0.6717  0.3225   29849.9   50294.3     414.0
 25       171922 160009 -0.2172 -0.1172   20630.8   48685.9     430.5
 25       264915 170015  0.9322  0.5779   20317.0   57451.7     435.0
 25       362994 200026 -0.8968 -0.4970   38796.3   59612.4     400.6
 25       374720 160005  0.0247 -0.4658   35001.6   59433.0     407.9
 25       614321 160009 -0.5582  0.3074   15234.6   68942.0     448.8
 25       684807 240043  0.1947  0.0831   22515.2   67210.2     437.1
 25       704466 250059 -0.1931  0.1177   23709.3   62289.8     427.8
 25       725223 150006 -0.7469 -0.5613   26388.7   71429.4     430.3
 25       730078 270068 -0.0746 -0.0044   30515.1   70151.0     424.4
 25       732500 300087  0.1391 -0.0822   21380.8   72131.9     438.8
 25       747956 210035 -0.0867  0.2163   23404.9   68088.6     436.8
 25       761556 190016 -0.0840 -0.3451   21817.1   72214.9     438.9
 25       800726 230035  0.2046 -0.3564   38426.0   64542.5     406.2
 25       803459 180023  0.3552 -0.1662   36787.1   64714.6     411.4
 25       830649 210027 -0.3140 -0.0637   41695.5   71214.9     404.2
 25       865972 230035 -0.1081  0.1611   33901.7   68392.9     415.6
 25       942281 160007 -0.9231 -0.2824   43174.5   63073.2     396.6
 25       953557 240038  0.0074 -0.1389   54046.4   67791.6     377.9
 25       969023 200026 -0.5257  0.5865   47615.2   69366.6     392.3
 25      1009478 240039  0.2356 -0.2449   18336.8   76016.1     445.5
 25      1254881 190013 -0.3354  0.2755   27177.9   83654.4     435.2
 25      1256837 190020 -0.4091 -0.6841   23058.2   83299.4     439.2
 25      1271893 170008 -0.5221 -1.1390   41024.9   73800.0     403.9
 25      1279610 200027  0.7586  0.7974   39361.2   74433.9     411.1
 25      1296085 220042 -0.0309  0.3333   39792.5   73739.7     404.0
 25      1310104 230050  0.1840 -0.0131   31884.4   76587.7     425.1
 25      1343389 200021  0.1994  0.2674   40444.6   78447.6     407.5
 25      1411780 200026  0.0471  0.0405   46023.5   74407.3     397.8
 25      1415636 170016 -0.3515 -0.3441   47300.8   73837.4     393.8
 25      1537897 170014 -0.2452 -0.8868   11416.4   84980.1     463.2
 25      1576379 200022  0.0450  0.4426   18470.3   88263.9     454.1
 25      1586511 200024 -0.2349  0.0081   12929.5   88892.6     461.6
 25      1619250 170011 -0.1869 -0.4139    9018.7   90273.2     471.5
 25      2012797 210025  0.8847 -0.2750   39612.5   87846.3     416.2
 25      2013945 160011 -0.7463  0.4083   37922.7   90326.9     420.1
 25      2161689 220032 -0.0873 -0.0027   42637.3   86010.7     405.1
 25      2171386 280072  0.1928 -0.1484   54559.2   89756.3     388.0
 25      2220507 220026 -0.2486 -0.1353   43520.8   87852.3     403.1
 25      2232487 240052  0.3014  0.1986   51078.3   93346.9     393.9
 26        71543 190014 -0.3046 -0.3914   17770.1   55227.0     405.1
 26        72303 220043  0.1164 -0.2564   18293.8   52714.5     402.4
 26       121928 180018  0.5422 -0.7597   10467.4   54681.0     417.5
 26       143727 170008 -0.4931  0.8349   15562.1   60230.5     410.9
 26       237429 190021 -0.2985  0.1938   24070.1   56064.0     395.3
 26       243917 190020  0.5515 -0.2676   25199.8   54186.8     395.3
 26       246319 180020 -0.6743 -0.3296   23165.7   56886.7     401.2
 26       274028 190017 -0.3683 -0.5706   22895.2   58124.1     399.9
 26       276587 180023 -0.3860 -0.4943   22749.9   57276.5     398.9
 26       326490 170018 -0.7169 -1.0303   34512.9   49239.5     383.5
 26       399433 170009 -1.1316 -1.4637   38459.0   59455.4     384.4
 26       487107 220040 -0.6022  0.6152   51746.0   53261.5     363.0
 26       590786 180015  0.8573  0.0369   18429.9   65851.2     411.4
 26       615008 170017 -0.6003 -0.0165    9644.2   66957.4     421.4
 26       645557 160006 -0.5716  0.3139   16135.2   68484.2     413.1
 26       650402 190031 -0.3476 -0.5652   17038.9   70854.2     417.0
 26       656582 270066 -0.1221 -0.1543   13039.4   68262.4     417.3
 26       718026 240054 -0.2100 -0.0596   20711.3   60313.1     407.8
 26       780365 200022  0.1860  0.1911   28781.0   70242.1     401.0
 26       847900 210033 -0.0469  0.3877   39063.0   63646.7     384.1
 26       915205 160013 -0.7631  0.4027   31294.9   69095.6     396.8
 26       951215 190030  1.0003 -0.1274   50930.6   66170.4     367.3
 26       965234 150004 -0.1511 -0.5777   53515.8   66306.4     366.5
 26       991209 180019  0.0266 -0.5600   42720.4   62472.0     380.4
 26      1007255 250062  0.0042 -0.1399   54179.1   67974.5     365.2
 26      1023245 180014  1.1214  0.5771   49509.1   71366.6     376.8
 26      1024324 220032 -0.4622 -0.0223   48001.2   68891.9     375.8
 26      1174206 270056  0.0929  0.1267   15364.8   83823.9     422.1
 26      1242773 190014 -0.0257 -0.5013   29530.3   79025.6     404.2
 26      1272661 210036 -0.1062 -0.3359   23152.5   81153.3     413.2
 26      1309939 200030 -0.2410  0.4630   41885.2   74144.7     387.4
 26      1360724 210031 -0.1788 -0.0712   39498.9   80625.6     393.8
 26      1381056 190011 -0.7026  0.2445   33996.7   80672.0     397.0
 26      1384739 190021 -0.0335  0.2933   34407.2   79959.0     396.1
 26      1415302 190028  0.3904  0.5469   32450.8   82496.0     400.9
 26      1427830 220029  0.0267 -0.9992   54578.4   73852.4     366.6
 26      1460960 180013 -1.1806  0.4548   42676.1   77176.0     385.3
 26      1467149 200029  0.3093  0.0046   43766.0   76676.8     383.4
 26      1497276 170013 -0.1596  0.6693   45834.6   78662.8     382.1
 26      1528644 200023  0.3549 -0.5710   52960.3   83881.6     372.9
 26      1559393 190016 -0.3942  1.3185   12457.2   86678.3     431.6
 26      1778030 220031 -0.2435  0.4073   29181.0   85482.0     407.7
 26      1803559 170013 -0.8960 -0.9467   30535.1   88913.5     407.1
 26      1803611 210024 -0.2278  0.0840   30609.5   91546.1     410.0
 26      1812185 180013  0.1944 -0.1881   25874.2   88964.6     410.3
 26      1828674 170012  0.1826 -0.4864   20945.2   89615.9     417.5
 26      1829141 150006  0.8135  0.2994   22692.4   89724.3     413.6
 26      1871685 210023  0.1027  0.2028   25610.5   94012.5     415.9
 26      1966408 180025  0.3386 -0.1787   35023.3   86714.0     396.2
 26      1966872 250050 -0.1128 -0.0378   32268.7   86827.3     401.8
 26      1974612 240049  0.0873 -0.0572   41029.5   88903.2     392.4
 26      1981410 150008  0.4691  0.2504   36463.6   92092.5     397.6
 26      2098443 200016  0.8236 -0.3994   33307.3   94604.5     403.2
 26      2108871 220036  0.1680 -0.7387   53994.8   86055.2     371.0
 27       101203 300092 -0.0490 -0.0980   15494.2   52274.8     438.7
 27       158162 190018 -0.1397 -0.4994    8005.3   58369.4     453.8
 27       210087 180018  0.4496 -0.1175   24941.0   52109.2     425.1
 27       286600 170016  0.1936  0.2960   30009.4   57438.4     423.3
 27       334430 170008 -0.7283 -0.0951   32393.2   51950.5     413.1
 27       337799 170013  0.1336 -0.3366   32561.5   51034.6     409.4
 27       340362 240046  0.0839  0.0159   32728.0   47646.2     407.7
 27       403388 200034  0.5815 -1.2979   35277.7   53525.2     410.2
 27       415301 180015 -0.7658 -0.2631   37768.2   57474.5     407.9
 27       427624 210033 -0.1586  0.1896   34750.7   58848.1     411.4
 27       481214 200027 -0.8536 -0.6320   43943.0   49971.5     387.0
 27       495123 180017  0.5574  0.6153   51079.3   56139.9     379.0
 27       517384 170021  0.3318  0.4366   48114.5   54831.4     385.8
 27       549167 280073 -0.1991 -0.0112   51382.3   57692.7     379.7
 27       562956 200024 -0.4973 -0.2136   45749.8   57357.6     390.4
 27       609658 160009 -0.5292  0.3602   17725.7   64597.6     441.5
 27       762524 200033  1.0118 -0.7433   27332.1   64656.5     427.7
 27       867298 190018  0.1545  0.0685   40983.9   60302.9     402.8
 27       870183 220032  0.0162 -0.1323   36325.4   60553.6     412.6
 27       895290 180012  0.4906  0.2735   39569.3   67133.2     409.2
 27       900402 190015 -0.0974  0.6150   38045.0   63555.1     410.1
 27       932646 190024  0.5922 -0.3273   35350.7   63355.2     415.4
 27       975207 280057 -0.0547 -0.2036   32142.6   67678.3     421.7
 27      1027026 230037  0.1447 -0.0113   54897.1   65930.2     380.3
 27      1105208 180028  0.1112  1.4390   48916.4   69888.1     392.7
 27      1367828 180016 -0.5077 -0.3606   24820.1   81478.7     437.9
 27      1403765 200018  0.4786 -0.0246   25478.1   82232.4     438.6
 27      1436912 190015  0.0873  0.1662   40499.3   73688.1     406.3
 27      1445342 180013 -0.9122 -0.9575   34665.0   72385.2     421.1
 27      1457630 200039  0.1632  0.1213   33711.5   73566.8     422.4
 27      1502503 190019 -0.0900 -0.3294   33886.3   80924.2     424.9
 27      1505148 220032  0.2254  0.1994   33892.4   81353.2     425.1
 27      1510894 170008 -1.2897 -0.5306   42113.1   82715.8     409.2
 27      1536721 200022  0.0241 -0.9984   54543.7   74721.0     381.6
 27      1557827 150004 -0.5313 -0.3674   46290.8   74948.1     399.2
 27      1585094 170015  0.3292  0.6547   45586.7   76309.3     404.8
 27      1587073 160006  0.0769  1.0232   45140.7   72512.3     400.4
 27      1622598 200027  0.5779  0.2950   48721.8   81516.9     396.9
 27      1633111 280066 -0.0906 -0.0674   44023.6   79800.3     404.4
 27      1649110 200025  0.5520  0.9444   53558.8   84027.2     386.2
 27      1667057 190021 -0.7741  0.1192   43219.8   82356.4     409.2
 27      1691991 200020 -0.4386 -0.2214   11599.0   84763.6     465.6
 27      2021865 180012 -0.6714  0.7382   20803.9   92017.5     451.7
 27      2023852 190018  0.3793 -1.2967   22661.3   90791.2     447.0
 27      2155526 190017  0.4112  0.1622   40798.4   85629.2     414.0
 27      2162152 180017 -0.5287 -0.3576   37559.2   85795.2     417.1
 27      2165117 200026 -0.8234 -1.2557   39670.0   84797.1     416.7
 27      2176486 160012  0.1466  0.4010   31405.6   84627.0     431.4
 27      2179335 190017  0.1593 -0.1918   31126.4   85182.1     432.3
 27      2200041 220028  0.8374  0.1416   36074.4   90936.2     422.6
 27      2235315 220044  0.0499 -0.0376   30837.2   91602.3     436.0
 27      2310513 170015 -0.0360  0.5195   31449.6   94362.0     434.7
 27      2435225 210021  0.2549  0.2414   44446.2   89573.3     407.6
 27      2441156 170013 -0.6225 -0.5850   45207.5   88931.5     405.2
 27      2464973 260055  0.0265  0.0966   51487.3   92762.3     395.1
 27      2464975 240056 -0.0897 -0.1527   52245.5   92927.1     395.1
 28          542 150005 -0.6179 -0.9987   17396.0   51873.8     405.1
 28       104861 230051  0.0636  0.1729    9461.5   53875.5     415.9
 28       128258 180018  0.4183 -0.9635   17037.2   58981.0     410.6
 28       143106 260053  0.1947 -0.0390   11735.2   58924.5     417.7
 28       161539 230034 -0.2221  0.0822   29120.5   52177.6     393.0
 28       171189 240046  0.0959 -0.0317   27209.5   50581.9     397.0
 28       177058 230044 -0.0330 -0.1237   30372.5   49696.1     391.3
 28       182832 190020  0.2115  0.3822   20926.5   51037.4     401.1
 28       254554 170011 -1.0844 -1.1214   18851.1   55059.3     407.8
 28       280985 210034 -0.1935 -0.3551   20676.3   58054.5     405.8
 28       296532 160007  0.3582  0.5046   39633.9   49963.4     376.1
 28       304147 200020 -0.2238 -0.2213   37125.7   51959.8     384.0
 28       327504 200032  0.4254  1.0491   34811.3   49959.2     384.4
 28       347793 270077 -0.0170 -0.1235   36576.0   52905.2     384.7
 28       357479 150006  1.0082 -1.0287   38247.3   53638.6     383.7
 28       389518 170009  1.2392  0.1264   38086.4   59184.6     386.2
 28       501959 240037  0.0954 -0.1964   43774.4   52927.1     375.9
 28       523165 200023  0.1955  0.1074   47801.2   59386.7     373.2
 28       538361 170010  0.4847  0.7908   44643.4   59065.6     377.4
 28       547031 210026  0.2723 -0.0793   16801.6   60833.0     414.4
 28       628289 170007  0.1897 -1.0204   15802.2   69776.6     417.6
 28       640088 220034 -0.1237 -0.1601   13063.1   68369.0     417.9
 28       661899 200023 -1.4241 -1.3781    8999.1   69431.4     424.3
 28       715575 160005 -1.4818  1.2948   26612.4   67158.8     406.7
 28       735951 280056 -0.0950 -0.0788   23605.9   65665.7     408.8
 28       736421 200020 -0.3073  0.2331   21928.0   64444.6     408.0
 28       741143 210024 -0.4092 -0.0084   23793.7   62702.7     405.1
 28       852182 190018  0.3998  0.4489   35416.9   66526.6     394.2
 28       890871 160011  0.4980 -0.3593   30808.5   71240.7     401.2
 28       894520 190020 -0.7743  0.4043   33039.9   67728.5     395.4
 28       906123 230033  0.0270 -0.1935   33834.9   67414.7     396.5
 28       915093 170021 -0.7148 -0.1435   46085.0   62189.8     378.0
 28       948543 190017  0.6565 -1.0093   47445.9   67163.5     375.8
 28       962464 190026 -0.5395  0.2513   48639.2   65999.4     377.8
 28       968781 170010 -0.1319  0.7484   44797.2   65982.9     382.5
 28       979574 150005 -0.0127 -0.4682   45135.3   63479.3     382.0
 28      1003986 220038 -0.0434 -0.0750   46058.3   71028.7     380.4
 28      1021564 170008  0.8481 -0.2887   44439.1   69354.7     383.2
 28      1044152 270061 -0.2364 -0.1674   17121.9   72508.5     419.5
 28      1051780 250057  0.0409 -0.0386   12451.9   72733.8     425.0
 28      1089153 210044  0.4791  1.0067   17852.7   81880.7     418.9
 28      1150538 200023  0.0430 -1.1618   12175.5   82742.4     429.5
 28      1202342 150009 -0.0392 -0.7360   21625.1   76205.1     414.3
 28      1290060 210018 -0.1308 -0.3682   41643.7   75735.0     388.3
 28      1299886 150004 -1.1252 -0.5932   35741.2   72916.3     392.3
 28      1320506 170008  0.4205  0.3409   34768.7   74273.4     396.4
 28      1322033 200022 -0.2660 -0.0065   33281.1   73108.5     396.6
 28      1353528 200028  0.8222 -0.6932   36907.9   81736.4     397.1
 28      1479127 240035  0.7247 -0.5140   47734.3   81961.2     384.6
 28      1545459 190024  1.2517 -0.8195   14683.0   84370.6     426.2
 28      1574787 190038 -0.6307 -1.4433   17212.7   89096.3     427.9
 28      1601140 190018  0.4968 -0.7342   15582.8   88132.4     430.1
 28      1631106 180014 -0.6892  0.9698   17695.0   94824.7     426.7
 28      1789861 210033  0.3246  0.1435   26400.5   88660.8     414.0
 28      1805478 230043 -0.1544 -0.0618   28616.7   89926.0     413.0
 28      1822844 200020 -0.9586  0.4794   22202.0   91717.4     421.1
 28      1880850 220035 -0.3603 -0.0272   29906.7   93883.1     412.9
 28      1918590 190023  0.0514  0.1227   24882.9   93547.6     417.9
 28      2144107 200038  0.0060 -0.1610   43818.0   84248.6     385.9
 28      2160769 220030 -0.0390  0.1330   52151.3   87999.9     379.3
 28      2170074 200017 -0.5768 -0.2133   52186.2   91187.9     381.4
 28      2200469 170013  0.0246  0.6681   43094.3   88620.3     393.9
 28      2241992 170009  1.1084  0.3053   45927.5   94428.8     388.9
 29        67089 200018 -0.5681 -0.6921   16345.1   54125.5     441.6
 29        69379 180024 -0.1066 -0.4904   18601.0   54011.5     435.1
 29        94978 170011 -0.1044 -0.7479   13564.1   55102.2     442.7
 29       101157 170014  0.0818  0.7918    7371.2   53320.1     451.7
 29       119338 260050 -0.1695 -0.2819   10266.7   56095.3     449.6
 29       215386 190029  0.9144 -1.1534   29560.0   55872.1     417.1
 29       219819 170019  0.2029 -0.6904   25758.5   52342.1     423.1
 29       222889 260053  0.0817 -0.1652   29097.0   56823.6     420.0
 29       244599 220040  0.3684 -0.2247   24235.7   56512.7     426.9
 29       288651 180022  0.3492  0.5314   22249.2   59728.0     435.7
 29       296740 210023 -0.3794 -0.2178   42500.7   49593.2     394.4
 29       336241 180012 -0.0971  0.6302   31931.9   51810.7     411.9
 29       346645 200022 -1.3857 -0.4909   42415.7   52224.3     395.2
 29       363578 150006  0.9630 -0.0541   38822.0   55532.6     403.8
 29       367125 190025  1.2108  0.5306   36570.9   54689.8     404.7
 29       392139 190021 -0.5352  0.0178   33714.2   54845.6     411.6
 29       397852 180010  0.7654 -0.3977   41552.3   57974.9     400.5
 29       495245 240040 -0.0432 -0.0116   53643.7   55511.2     375.8
 29       544867 200034  0.7475  0.7438   50884.5   57333.0     379.4
 29       563227 170022  0.4540  0.1398   50484.4   59425.0     385.5
 29       679004 150006 -1.3028  0.5050   12367.4   68381.9     453.4
 29       701059 210026  0.2480 -0.0522    8072.2   68215.7     460.4
 29       727703 200026  0.8341 -0.2246   29589.5   61104.1     419.2
 29       737085 170017  0.5839 -0.3819   22888.8   61472.6     430.9
 29       746856 160011 -0.0503  1.0591   29684.6   66903.2     426.2
 29       858476 200029 -0.2829 -0.0279   32527.9   61848.2     416.0
 29       859435 210033 -0.2480  0.3733   32763.6   60665.9     415.2
 29       924186 190013 -0.5891  1.4087   42131.8   70423.4     403.9
 29       959230 180014  0.3938  0.1872   32208.2   69011.5     421.3
 29      1030038 160005 -0.5577  0.5710   50462.9   65648.8     387.1
 29      1036272 260052  0.0878 -0.0436   44140.3   67135.8     398.2
 29      1050663 250056 -0.1209 -0.2855   54239.3   70671.7     380.4
 29      1077829 200027  0.0429  0.1469   45953.2   67978.1     394.4
 29      1080027 210030 -0.0632 -0.5173   47825.1   71441.9     396.3
 29      1082236 180015  0.9336 -0.5798   49928.0   68993.8     387.6
 29      1122774 180019 -0.6500 -0.0755   14103.9   74540.7     454.6
 29      1141185 160011 -0.3940 -0.1685   13931.3   72535.6     457.8
 29      1155858 230041 -0.0537  0.1951    7193.8   74306.9     468.7
 29      1162990 200023  0.1170  0.3074    9819.9   74753.9     464.0
 29      1179790 170011  1.1219  1.3449   18557.9   80666.7     452.8
 29      1185015 190022 -0.2741  0.1150   14345.6   80976.0     457.3
 29      1199191 190019  0.0250  0.1143   13790.1   80773.8     459.5
 29      1230250 210039 -0.3847 -0.2056    8295.8   81090.4     466.6
 29      1323327 210036 -0.0209 -0.4952   29452.5   80541.7     433.0
 29      1389513 170015  1.3748  0.0894   28352.7   82475.9     433.2
 29      1405014 220043 -0.0092 -0.0771   41303.7   74638.3     410.4
 29      1414840 190014  0.4214 -0.3511   37957.2   74695.2     413.2
 29      1430323 180016 -0.0248  0.2537   38604.9   73371.1     412.3
 29      1443297 160009 -0.0042 -0.8491   34623.5   74295.8     420.9
 29      1463192 180020  0.9959  0.0755   42098.3   80705.9     411.1
 29      1522276 180013 -0.0223 -0.4276   40141.9   83687.3     413.0
 29      1544797 180011  0.3907  0.2706   50731.4   76639.1     391.9
 29      1644304 170012 -0.6839  0.2528   44177.3   78219.8     403.9
 29      1679789 190021 -0.4980  0.9767   45344.7   83236.2     404.1
 29      1679794 190012  0.1605 -0.2065   45468.9   83407.2     404.1
 29      1696508 200023 -0.1159  0.4431   14401.8   84963.4     461.9
 29      1746502 180019  0.2914  0.3034   17037.8   87346.9     456.3
 29      2001352 180020 -0.5966  0.5040   27543.3   86881.1     438.8
 29      2039912 190023 -0.7744  0.4908   29678.4   92116.1     434.7
 29      2043083 240046  0.3107  0.1402   26183.7   88250.7     439.7
 29      2116362 240054  0.0476 -0.0934   27589.1   96026.1     438.3
 29      2208595 260058 -0.2072  0.0908   19921.9   93840.5     454.9
 29      2223041 190023 -0.3287  0.1131   38239.9   85404.9     417.7
 29      2230331 180015 -0.4717 -0.1749   30754.7   86773.8     432.0
 29      2244215 180015  0.1336  0.9974   33733.0   86379.9     426.4
 29      2254226 190030 -0.8475 -1.2748   41682.0   88142.1     414.6
 29      2338471 190021 -0.3876 -0.2918   38979.9   94847.6     419.8
 30        14062 180008  0.8510  0.6131   14620.0   49438.2     406.2
 30        17135 180014  0.2593 -0.1600   11063.1   48632.6     405.8
 30        54373 260065  0.0586 -0.0669    8751.3   49591.1     411.5
 30        69029 180022 -0.1250 -0.5008   18211.6   55307.7     402.4
 30        77071 200044 -0.1762  0.3911   14120.1   53440.7     407.9
 30        87018 190017 -1.3603  0.2698   15211.2   55328.9     409.2
 30        88008 190026  0.0311 -0.3397   15659.1   56648.6     406.6
 30        89484 220029  0.0414  0.2077   11791.5   55894.2     415.1
 30        94507 190022  0.9391  0.5913   13515.2   53562.1     410.2
 30       137196 240053 -0.1841 -0.0330   14748.4   58602.5     413.3
 30       181595 260055  0.1484 -0.1416   30071.5   48381.1     387.6
 30       223920 210029  0.0705  0.0307   28298.0   52771.9     388.4
 30       271689 250070  0.2598 -0.2043   29949.6   60235.6     393.7
 30       296029 200026  0.4546 -0.2912   41026.2   48635.5     371.5
 30       349450 170009  0.6756  0.0581   41501.5   54902.3     377.0
 30       359346 240062 -0.0623  0.1569   37445.7   56607.6     383.0
 30       378109 200023 -0.7318 -0.0913   34694.8   52949.9     384.1
 30       390537 240057 -0.0115  0.1750   33421.9   52383.7     387.0
 30       390796 190022  0.1816 -1.1463   32224.4   52334.3     387.3
 30       457273 160010 -0.1097  0.4646   48403.2   52260.1     368.2
 30       499844 230037 -0.0691 -0.2451   45558.7   53122.8     367.1
 30       568185 210028  0.2305 -0.1435   14000.1   60704.5     414.2
 30       572739 170016 -0.2095 -1.1670   13544.2   61950.1     416.5
 30       595515 180014 -0.0048  0.1853   16790.3   64469.0     410.3
 30       608344 170011  0.7592  0.9662   14436.4   66641.4     415.1
 30       617992 190026 -0.0736 -0.1679   13882.4   64858.2     417.2
 30       720442 200021 -1.4306 -0.5757   24994.1   61657.3     398.0
 30       867561 190021  0.8173  0.1893   38583.5   64928.7     382.3
 30       880044 160007 -0.5050  0.1933   35331.3   62780.7     385.5
 30       935358 190031 -0.2498 -0.5695   33506.0   68488.6     394.7
 30      1001001 210032 -0.4139 -0.0659   43013.5   62454.3     376.5
 30      1005600 210032 -0.2843 -0.7739   43183.8   67241.4     380.2
 30      1038688 250045 -0.0751  0.2900   46326.1   68970.5     375.8
 30      1057387 250036  0.1067  0.0035   45357.0   70450.1     376.1
 30      1066509 170013 -0.0656  0.4576   17267.3   76121.2     416.4
 30      1079989 160013 -0.6205  0.1339   11115.6   73078.7     426.3
 30      1276615 220025 -0.1761 -0.0848   19223.5   74597.0     411.4
 30      1282695 190022  0.4245 -0.0133   18989.0   76074.6     414.7
 30      1332612 200036 -0.3045 -0.1697   19358.2   77880.5     416.9
 30      1346132 180017 -0.1784  0.2113   29905.8   83271.2     406.8
 30      1373923 200026 -0.1274 -0.0681   37904.3   73277.9     387.7
 30      1374755 250055 -0.0322  0.0770   37616.7   76081.5     392.3
 30      1392509 210037 -0.2918  0.1029   34385.1   75637.4     395.1
 30      1393794 170017  0.9968 -1.1396   32287.0   73394.4     394.7
 30      1410964 200025  0.2206 -0.0153   31854.2   72578.7     393.9
 30      1423222 220033 -0.1916  0.2961   39526.9   78530.3     388.9
 30      1506955 150006 -0.0350 -0.3735   47271.9   73380.1     377.7
 30      1532695 220038  0.0607 -0.0858   45077.7   75989.4     378.6
 30      1561101 200022 -0.6721 -0.4649   46169.5   78881.1     382.1
 30      1603411 170011  0.3475 -0.8962   46884.0   82257.1     380.1
 30      1613316 200022  0.6827  0.0762   16282.2   85258.3     427.3
 30      1733841 200026 -0.2238  0.1879   15876.6   96355.7     429.6
 30      1907182 230041  0.0404 -0.1470   21815.2   86130.8     416.5
 30      2109754 190020 -0.2574 -0.2169   41833.6   91656.4     388.6
 30      2114945 170021 -0.0787  0.5725   38056.4   90863.7     392.7
 30      2145857 210032 -0.2299 -0.3343   32394.9   88079.3     401.4
 30      2185053 200024  1.3108  0.9053   37382.6   95103.1     394.4
 30      2240746 170012  0.4202  0.5754   31555.5   94548.9     407.0
 30      2273782 200030 -0.1396  0.0932   50016.5   84460.1     379.0
 30      2282482 180014 -0.0084 -0.4685   45668.6   85858.7     385.9
 30      2305194 250053 -0.0222 -0.1488   53252.3   91184.9     374.6
 30      2314624 200018  0.2487  0.0918   49198.2   89720.6     382.1
 30      2320936 170015 -0.0911  0.4467   46962.7   88973.9     381.6
 30      2336434 180018 -0.1950 -0.4725   44391.0   88728.6     389.0
 30      2391964 170013 -1.0787  0.2769   45985.1   94104.8     384.2
 31        69005 200019 -0.4853  0.8416   18154.8   54584.8     435.3
 31        73257 200022  0.2178 -0.0986   12887.8   54346.2     444.0
 31       145071 230029 -0.6135  0.4032   12238.9   57531.3     449.1
 31       185092 240041 -0.1810 -0.1180   22330.0   49750.8     424.9
 31       212293 200020 -0.1801 -1.0750   27795.8   54713.0     419.8
 31       267270 220031  0.2572  0.0952   23085.8   59297.6     432.0
 31       278011 160008  0.4559  0.1217   22224.8   57484.9     431.5
 31       281247 190019 -0.7600  1.3833   20065.2   59685.0     437.3
 31       293093 200023 -0.1227 -0.2047   37688.8   51317.0     405.2
 31       317352 150004 -0.6016 -0.3902   33831.7   49256.1     412.2
 31       323677 160010  0.2386  0.6495   31912.0   49839.9     410.6
 31       358539 170016 -0.5348 -0.0906   34225.8   55437.4     411.8
 31       419454 160008  0.6394  1.3299   46338.1   51186.4     390.7
 31       421089 180013  0.7572 -0.2937   45734.7   48905.0     389.9
 31       486206 200021 -0.3213  0.9786   47208.6   52376.4     388.1
 31       490158 190029 -0.2860  0.0754   42757.1   54315.9     394.4
 31       523024 190019  0.5825 -1.1260   43055.7   59717.5     400.9
 31       537112 150008 -0.3925 -0.6192   13064.5   60307.5     445.9
 31       654200 230036  0.1343  0.1760    8286.7   68097.3     460.7
 31       707841 270056 -0.1339 -0.1515   20723.0   65927.1     437.5
 31       731805 290094 -0.0484 -0.0417   20102.6   62686.4     437.9
 31       748392 200020  0.0835  0.0092   30030.8   69510.7     426.8
 31       820988 160006  0.4664  0.2427   36528.1   66927.7     413.2
 31       840199 160011  1.0386 -0.1287   35367.3   66954.7     419.0
 31       861465 210026  0.2423 -0.4608   37980.0   67806.4     412.8
 31       923305 230039  0.1595  0.1871   52151.8   66616.2     384.4
 31       932827 170010  1.2202 -0.7629   46136.2   64743.1     395.9
 31       939517 190022 -1.0710 -0.7588   47123.1   62718.1     391.2
 31       954287 180022 -1.0066  0.6230   44461.2   66751.7     398.6
 31      1030133 190027  0.8381  0.6795   11141.3   76313.0     462.1
 31      1042650 180013 -0.8143 -0.3331   15313.5   76305.2     456.4
 31      1073032 210029 -0.1914  0.6091   15785.7   79755.4     453.2
 31      1139793 260060  0.1184  0.0314   14580.4   83559.6     461.3
 31      1140987 160010  0.2363  0.0979   14531.9   82634.0     458.5
 31      1168235 170007  0.2342 -0.5894   28065.5   76610.0     432.2
 31      1172074 210032  0.7290  0.7339   27049.2   76882.3     434.1
 31      1175429 230024  0.4403 -1.1711   30096.2   76310.0     428.2
 31      1178293 190018  0.0697  0.0970   28300.6   72577.1     433.1
 31      1188978 230041 -0.0629 -0.0204   25026.6   72897.4     435.1
 31      1285720 230035  0.1612 -0.2059   40970.5   74569.1     405.9
 31      1290216 190026  0.2439 -0.6056   41563.2   75887.4     405.1
 31      1294733 210036 -0.0738 -0.1948   35963.6   73069.3     416.6
 31      1300135 200026  0.0508 -0.3561   36197.9   74159.6     416.5
 31      1310333 210028  0.2171  0.0796   36517.9   75084.7     415.8
 31      1312183 230044  0.0903 -0.3641   37102.4   72652.6     415.9
 31      1401842 220046 -0.3411 -0.3772   34625.4   82489.1     423.5
 31      1409875 170015 -0.5061  1.0895   51210.3   75578.4     388.7
 31      1479665 250057  0.1627 -0.1979   53221.5   79032.9     383.5
 31      1561126 180016  1.4227 -0.9244   12943.8   86330.5     466.3
 31      1817517 220033  0.1543 -0.2887   24065.4   86086.4     445.0
 31      1902139 220047 -0.2296 -0.2741   27613.3   95823.0     440.6
 31      1944076 220042  0.0441  0.1262   24427.6   93427.0     446.9
 31      2006256 180014 -0.6298 -0.2941   39491.7   86376.4     415.9
 31      2007308 190019  0.3966 -0.7369   38188.2   85294.1     417.2
 31      2027908 190024 -1.1843  0.1170   33804.8   84812.2     424.8
 31      2050018 210024  0.1694 -0.2291   35785.6   90368.9     422.4
 31      2149470 200028  0.2653 -0.8132   30719.5   93143.9     433.9
 31      2256259 230037  0.2185  0.1089   48690.2   89018.6     397.6
 32          994 190015  0.6156 -0.0564   17963.2   50738.0     402.8
 32         6315 190015 -0.7614  0.0247   17731.5   51444.3     401.0
 32         7997 200035  1.0187  0.5452   16633.8   51377.8     402.1
 32        24153 210040 -0.1438 -0.3314   11533.9   49182.1     405.1
 32        93002 170016 -1.2578 -0.3122   15161.3   55612.1     405.9
 32       154062 220035 -0.2745  0.3738    7749.9   58858.6     416.0
 32       172284 200031  0.8510 -0.8891   26368.7   50981.2     388.7
 32       182265 220032 -0.1167  0.1039   28297.3   52247.3     387.9
 32       228788 180012 -1.0480 -0.1483   28209.1   53118.8     387.7
 32       249426 200022  0.1868  0.3558   22283.0   54199.2     396.7
 32       271026 180012  0.7891 -0.9057   29166.0   58918.0     388.0
 32       278451 190036  0.4761  0.5890   28368.4   57323.4     391.2
 32       359336 190019 -0.2887  0.5943   35942.1   53551.1     379.4
 32       428532 180017 -0.5899  0.8862   53123.6   48642.8     357.2
 32       455233 170008  0.2493  0.4511   48400.9   51648.4     363.6
 32       465696 170011  0.4732  0.8049   44401.4   51081.7     368.8
 32       501298 190024  0.4280 -0.6345   47718.8   53181.2     366.6
 32       528271 170011 -0.6679  0.4083   43565.1   54345.6     371.4
 32       640592 190028 -0.0854 -0.1135    6759.9   66980.6     421.8
 32       670567 170013 -0.3214  0.2830   14695.0   71820.6     416.2
 32       751402 220035 -0.3919 -0.0036   26126.0   62923.7     397.6
 32       768678 190015 -0.0171  0.0343   21104.5   63686.6     403.8
 32       845794 220032 -0.2411 -0.0798   38856.8   61597.8     381.0
 32       903760 230032 -0.0541  0.2644   41405.1   68600.9     381.2
 32       919217 160011  0.2472  0.8510   36773.3   70170.6     388.2
 32       957663 250047 -0.1552 -0.1799   48102.8   60277.2     367.9
 32      1003543 200026 -0.7141 -0.1895   50244.5   63294.7     368.0
 32      1024176 150007  1.0924 -0.6949   54213.5   67663.8     361.4
 32      1038440 170013 -1.1682 -1.4327   47664.7   70760.5     375.2
 32      1058762 200017 -0.2918 -0.7217   44565.0   68820.4     377.9
 32      1203985 180013  0.1371  0.5540   29781.4   74793.9     396.8
 32      1275840 170010 -0.1122  0.4593   20751.6   77790.2     409.6
 32      1304213 220040  0.1172 -0.4488   30362.4   83548.1     400.6
 32      1323108 300075 -0.0106 -0.0614   41428.3   75239.0     384.8
 32      1341764 270064  0.1287 -0.0333   36851.3   73153.9     386.3
 32      1363569 170017  0.5990  0.8209   33317.6   72555.6     389.3
 32      1384733 200028  0.6168  0.3523   36934.3   81478.8     387.9
 32      1425471 180016 -0.1767 -0.8193   40297.2   82342.8     387.5
 32      1428520 220027  0.1875  0.0929   30677.8   82660.4     400.3
 32      1461436 210029 -0.5210 -0.0034   46270.6   74143.7     376.8
 32      1484725 160009 -0.0327  0.6515   50610.8   81822.0     372.6
 32      1526705 150007 -0.4855  0.5076   42984.7   81133.1     386.4
 32      1546648 210033 -0.0262 -0.1285   49326.8   82407.9     373.3
 32      1547705 200023  1.1413  1.0403   47418.7   84140.3     379.1
 32      1659659 160006  0.0799 -0.4905    6959.7   89595.5     435.5
 32      1830121 220038  0.1058  0.3476   30014.6   86648.1     402.6
 32      1909520 230046 -0.1244  0.0922   20025.6   91263.7     417.7
 32      2028830 200022  0.9958  0.3142   32452.2   85281.3     401.1
 32      2269920 230038 -0.0841  0.0431   43002.4   89621.4     388.8
 33        18907 180014 -0.1999  0.6977   14701.1   51253.4     442.6
 33        27584 200029 -0.1397 -0.3283   11844.5   49288.0     444.7
 33        93124 160008 -0.1514  0.4356   10692.8   53090.5     450.9
 33       105484 280062  0.0016 -0.1163   14996.3   53317.3     445.2
 33       107686 170011  0.6644  0.2804   12124.6   54902.4     450.1
 33       153801 190030  1.4214  0.4370   12960.6   58531.1     452.3
 33       159331 190017  1.1159 -0.4097   11975.5   59304.6     451.7
 33       316612 190017 -0.4026  0.3239   40926.4   48578.7     396.0
 33       353277 210031  0.0179  0.0926   32585.7   51478.7     416.2
 33       388699 270070  0.0168  0.0541   39777.8   54307.1     403.6
 33       466653 150007  1.0973 -0.4519   47396.1   51016.5     387.1
 33       477761 220030  0.0045 -0.2747   48296.0   50730.8     385.2
 33       505482 200029  0.1033  0.0663   54135.4   54236.3     374.2
 33       525839 220031  0.1708  0.1012   45917.1   54181.2     391.6
 33       556276 200016  0.7635 -0.9632   50868.1   57744.1     382.7
 33       563380 320112  0.0657 -0.2111   51412.0   58775.6     381.9
 33       575058 220033 -0.1353  0.1823   50494.6   58815.8     385.9
 33       713163 240056  0.0040 -0.0794   15428.8   67604.5     449.3
 33       730562 190039  0.3748  0.1654    7068.9   69664.0     468.4
 33       768476 160015 -0.8921  0.0011   28581.0   65315.6     427.0
 33       813645 280057  0.2080 -0.1310   29403.2   67384.6     424.6
 33       815037 180015 -0.3629 -0.7732   29146.6   69018.6     424.8
 33       852562 240060  0.0508 -0.1999   20645.7   68017.9     443.4
 33       860953 170009  0.7091 -0.3128   41804.5   60805.9     403.1
 33       870704 190020 -0.5135 -0.5433   34190.5   60920.3     418.1
 33       870707 190012  0.0367  0.7814   34366.8   60570.6     418.1
 33       947256 160008 -1.4449  0.2631   36866.3   71895.8     417.9
 33      1081465 200023  0.1546 -0.0097   46181.1   68751.8     399.6
 33      1089622 150010  0.4581  1.0782   50055.3   71718.3     391.2
 33      1122360 210038  0.2308 -0.1937   17235.0   76393.6     451.8
 33      1214382 190022 -0.2626 -0.0282    9776.3   79846.8     465.7
 33      1246768 150006 -0.1098  0.4333   15007.1   82800.5     458.9
 33      1290559 200025  0.0016  0.2941   21456.4   73956.9     443.7
 33      1297013 190011  1.0645  0.8779   24848.6   76986.8     442.8
 33      1300284 230048 -0.1642 -0.0656   23315.8   75999.6     439.1
 33      1342776 230034 -0.9637 -0.2605   22293.2   79320.6     444.3
 33      1358604 180013 -1.4417  0.5772   19122.5   79118.7     449.4
 33      1367032 170009 -0.8415 -0.7554   28975.0   83709.1     436.2
 33      1415182 240038  0.0457 -0.3612   36639.6   74817.2     418.8
 33      1420525 190023 -0.3048  0.2567   31096.4   76180.2     430.1
 33      1442891 180013 -0.5297 -0.4464   42425.8   78934.2     409.5
 33      1479571 280083 -0.1108 -0.1217   34164.3   77676.2     424.8
 33      1591647 240041 -0.1718  0.1357   52065.0   79351.4     391.3
 33      1626425 170014 -0.2771  0.0710   43581.2   81553.1     409.6
 33      1649366 200022  0.2841  0.2233   49777.9   83744.4     394.3
 33      1702749 220035  0.2427 -0.1479   17014.7   92153.0     463.2
 33      1945146 210023 -0.9990 -0.6911   27931.2   85163.8     440.2
 33      1950368 200028  0.1481 -0.4432   30434.8   85571.5     434.8
 33      1999984 200025 -0.6889  0.9597   22482.8   88394.8     448.9
 33      2005809 210026 -0.2664  0.0665   21019.8   90369.4     453.6
 33      2120547 260063  0.0119 -0.1253   21704.7   96054.6     451.4
 33      2232050 200027 -0.6566 -0.3125   33967.3   89066.5     428.5
 33      2237321 230050 -0.1152 -0.4695   35068.8   90602.4     429.6
 33      2376769 220036 -0.0141 -0.4332   50466.4   85985.1     396.2
 33      2395784 190018 -0.3336  0.0161   52894.2   88662.0     392.5
 33      2397155 200026  0.1771 -1.2335   52314.7   87388.8     392.0
 33      2410315 220037  0.1886 -0.0563   54827.2   88281.2     387.1
 33      2430431 270052  0.0075  0.0972   47201.5   91590.2     406.4
 33      2433624 180018  0.6035 -0.2444   48547.5   90945.8     402.3
 33      2533271 150005  0.5054 -0.2274   43541.8   94167.8     412.9
 34        15744 180013  0.6181 -0.0802   12972.0   50962.5     408.8
 34        24801 180014 -0.2006  0.7016   14544.5   50176.0     411.5
 34        32846 200030 -0.1731  0.3871   15256.3   50751.4     410.8
 34       182980 250072  0.0731  0.0215   28126.6   52046.7     392.6
 34       250328 180011  1.2786  0.0639   28935.4   56800.7     396.4
 34       262270 190023 -0.6747 -0.2007   20816.0   55001.9     407.1
 34       299477 220035  0.3391 -0.1216   28375.5   58474.4     400.6
 34       317956 200028 -0.2639 -0.2682   20598.0   59756.1     411.1
 34       324284 180020 -0.4013  0.3225   41044.2   47999.5     374.6
 34       329920 170013 -0.6673  0.9671   37675.1   51916.0     382.3
 34       346234 260064  0.1275  0.0185   38363.2   49502.7     379.5
 34       395617 240041 -0.2842 -0.0617   37189.8   56415.5     382.5
 34       395975 190013  0.0604  1.4713   38455.5   56690.5     382.2
 34       422098 260046  0.0246  0.2527   35301.9   53473.5     388.4
 34       438754 190019  0.0851  0.2147   39904.0   57963.6     383.0
 34       457511 230055 -0.0369 -0.0811   33674.8   57342.1     390.9
 34       543378 190021 -0.3141 -1.0885   49363.1   56066.2     366.4
 34       575503 170011 -0.2499  0.2008   45557.1   52434.7     373.5
 34       614075 180016  0.4616  0.5360   17612.3   61726.1     411.0
 34       617007 260048  0.0972 -0.1145   11315.3   61875.0     420.7
 34       627106 200028 -0.0054  0.2033   12041.1   61287.0     417.1
 34       650016 210022  0.3263  0.0550   17203.5   66302.6     419.4
 34       655574 220036  0.1033 -0.2600   11163.4   63278.1     421.5
 34       690128 220027  0.3632 -0.0385    9384.2   62930.6     424.4
 34       712871 210028  0.0150 -0.1357   17631.9   69938.2     416.2
 34       734216 170013 -0.4702 -0.0549   13742.3   67976.0     420.4
 34       739511 190024 -0.3203  0.2752   15110.8   70634.6     417.6
 34       768077 200026 -0.6962  0.3788   10007.2   68367.5     428.2
 34       777380 190023  0.4997  0.4823   27770.1   61639.5     400.8
 34       798889 200018  0.2032  0.5949   25950.1   63256.7     400.5
 34       808159 170009 -1.1930 -1.3060   30060.6   63943.3     397.5
 34       828569 220039  0.1946 -0.0416   21016.8   65490.8     412.2
 34       842961 260051  0.1045 -0.1675   19087.9   63119.2     410.3
 34       891900 200025  0.6069 -0.6073   23197.8   68405.3     408.1
 34       893520 240050  0.1368 -0.0763   25185.5   70047.2     406.2
 34       928715 180021  0.0532 -0.1473   40961.3   65893.9     387.3
 34       931424 180024 -0.9815 -0.2410   40648.5   62388.3     382.5
 34       955288 200031  1.1194  0.5778   36843.3   64734.9     388.5
 34       968029 150008 -0.6423  1.0582   30676.9   62612.0     396.4
 34       972216 220041 -0.0949 -0.0384   35317.4   63122.3     391.6
 34       978685 190021  0.4460  0.4219   35499.3   64736.5     391.8
 34       989471 200019 -0.1208 -0.6861   41707.9   67782.9     384.2
 34       990941 200026  0.3772 -0.3630   41448.9   71990.3     385.2
 34      1061443 170011  0.4192  0.5553   45031.4   61600.0     380.0
 34      1110822 250066  0.1195 -0.1857   46472.4   62624.9     375.7
 34      1112093 170010  1.0207 -0.5786   43050.2   65529.5     379.7
 34      1129530 200023 -0.1295  0.9102   52914.7   71090.3     372.0
 34      1136087 210025 -0.0617 -0.2213   51667.9   68104.1     373.9
 34      1157635 140004  0.6880 -0.8853   47702.2   68918.4     380.7
 34      1188263 190019  0.2108  0.4554   17423.3   74743.9     417.8
 34      1218899 190022 -0.2959  0.7642   12014.1   76157.9     425.9
 34      1240692 200029  0.4534 -0.8846   10030.2   75871.6     430.0
 34      1314882 200020  0.0411  0.4380   17515.2   82446.6     420.3
 34      1364733 170009 -0.6303 -0.3694   21136.2   76768.9     415.5
 34      1367812 200037  0.1849  0.0096   21011.4   73126.6     410.8
 34      1415797 220023  0.3481 -0.6927   30310.0   81071.3     407.2
 34      1434040 260054 -0.0799 -0.2788   22250.5   81595.1     411.7
 34      1446937 190015 -1.4152  0.3313   20546.1   78903.2     412.9
 34      1448671 180011 -0.1400  0.5553   20593.3   81964.0     418.6
 34      1454392 190017  0.3236 -1.1384   27715.4   83772.7     410.7
 34      1507335 210025  0.0851 -0.4018   36928.3   73757.9     393.0
 34      1566048 200020  0.0743  0.3478   34246.0   82231.4     401.2
 34      1592775 180011 -0.1949  0.2782   38955.3   83410.3     392.9
 34      1603335 180017  0.2637  0.0348   34276.7   83632.2     399.9
 34      1624185 230037 -0.0211  0.0410   53104.8   74072.7     370.0
 34      1636665 190028  1.1131 -0.1220   46222.1   74596.0     383.7
 34      1668489 280057  0.0613 -0.0849   44908.6   75867.7     381.3
 34      1711642 190011 -0.3302  0.1931   47173.5   81612.8     384.6
 34      1712916 230049  0.1464  0.0570   48182.1   82131.4     384.5
 34      1762096 190022  0.1829  0.3863   17338.0   86021.2     424.9
 34      1781899 220038 -0.7116  0.5155   11612.7   85871.4     431.0
 34      1884816 210028  0.2595 -0.8572   16072.8   93438.2     428.3
 34      1905838 230047 -0.2572  0.0209   18275.7   92536.5     423.5
 34      2291011 230041  0.1824  0.0932   39839.5   85463.3     390.5
 34      2302674 170013  0.7545 -0.8683   32636.1   85135.5     400.3
 34      2319314 180011 -0.2700  0.7208   41801.4   87926.4     390.8
 34      2592744 210034 -0.4402 -0.1236   45461.1   91451.2     389.9
 35        59763 170015  0.1356  0.5107    8755.5   51536.2     447.8
 35       102987 220043 -0.1321 -0.0108   13692.6   52780.1     440.8
 35       292609 220032 -0.0492 -0.0697   19354.4   54688.5     432.5
 35       306098 220032  0.2221  0.0678   29000.1   57324.4     417.5
 35       338728 170012 -0.5396 -0.0297   42366.5   47888.7     391.2
 35       401550 230044  0.0046 -0.1478   37669.4   57170.1     406.3
 35       407083 180019 -0.5843 -0.4524   36248.5   53831.3     404.6
 35       519143 210029  0.1101 -0.2110   49805.3   50433.7     379.7
 35       538213 160008 -0.3757 -0.2054   45261.3   51591.7     387.7
 35       597832 210020 -0.2617  0.0683   44600.0   53718.0     390.7
 35       604819 170014 -0.2305  0.2678   45039.0   55551.7     393.0
 35       640104 200022  0.0917  0.2691   42666.5   60116.8     396.4
 35       699560 160012  0.2764 -0.1049   11912.0   63970.8     453.5
 35       715476 200021  0.0644  0.7348    9529.8   63472.8     453.3
 35       783204 160010  1.3639  1.2453    9531.6   68423.1     454.8
 35       844909 200027  0.6341 -0.5933   26531.2   64622.0     428.1
 35       844915 190022 -0.1890 -0.3398   26535.9   64430.6     428.1
 35       891677 160006  0.4653  0.3401   28417.0   67721.9     425.1
 35       987878 190017  0.4413  0.4842   32651.0   64702.3     419.3
 35       989437 210029 -0.2519 -0.1168   31009.7   66295.5     419.3
 35      1006137 190026 -0.2747  1.1063   35197.7   62472.6     412.8
 35      1022217 180016 -0.2313 -0.2120   38120.7   70065.6     406.6
 35      1042227 150006 -0.2606  0.5780   32955.8   70573.0     417.2
 35      1082047 180014 -0.1411  0.5497   42674.9   61023.1     397.4
 35      1086514 160013 -0.0274 -1.3717   43576.2   60954.7     395.6
 35      1100241 210024  0.1609  0.1970   51541.3   65411.5     383.5
 35      1128483 170014  0.2188  0.5068   49965.3   65758.2     385.9
 35      1129727 160009 -0.5314 -0.1732   46695.2   63261.8     394.3
 35      1149687 170008 -0.3594 -0.8185   52683.8   71994.2     383.2
 35      1167701 190022  0.0132 -0.2943   52021.5   69512.9     384.3
 35      1222477 180012  0.7648 -0.2848   16675.4   76931.4     450.8
 35      1259391 190023  0.1709  0.4301    7449.7   75998.4     465.4
 35      1385075 280075 -0.1033 -0.2094   26242.1   74524.8     433.3
 35      1387096 260065  0.2814 -0.0196   25890.7   76293.6     433.2
 35      1405663 200025  0.1301  0.5644   28833.7   72370.5     432.4
 35      1416821 150007 -0.4136 -0.2438   22969.9   76516.7     438.3
 35      1467255 190024 -0.1269 -0.7664   21290.0   78387.5     441.8
 35      1534283 180013  0.1981  0.2736   37387.9   74533.4     411.8
 35      1550724 200027 -0.2266  0.4882   39900.5   76171.8     409.9
 35      1553552 190031 -0.0694 -0.1985   36568.5   73866.5     414.9
 35      1632139 180018 -0.1618 -0.4763   33510.4   78382.4     419.5
 35      1664223 220036  0.3994 -0.1665   50710.2   73293.7     387.7
 35      1744353 220036  0.0249  0.2988   52101.7   80124.4     388.7
 35      1763723 180015 -0.2724  0.2961   50388.2   81929.5     391.6
 35      1774821 250070 -0.0313 -0.1145   43013.8   77668.7     406.2
 35      1798517 190020  0.2148 -0.2836   47812.8   82530.1     397.2
 35      1809331 280067  0.0659 -0.0161   45663.3   83966.7     402.0
 35      1818272 160007  0.4138  0.3638   16577.6   87018.3     454.2
 35      2056010 220020  0.2719  0.0514    7718.4   94287.0     474.8
 35      2201372 220021 -0.2748 -0.0391   19429.0   87173.2     449.2
 35      2202665 190023  0.7774  0.4335   19778.8   86409.2     451.2
 35      2246780 200016 -0.7594 -0.5733   20751.1   87366.3     448.0
 35      2343422 200029  0.0630 -0.4290   24690.5   92742.6     442.7
 35      2626830 170016  1.0064 -0.9003   49784.8   87191.4     393.0
 35      2629088 170006 -0.0834 -0.6706   49360.7   84490.2     393.8
 35      2631169 210037 -0.4326 -0.0025   49686.2   84949.9     393.9
 36        69503 170012  0.8373  1.2050   18016.7   55003.8     404.5
 36        69992 200016 -0.0860 -0.0397   17951.4   53580.0     404.3
 36       207707 190015  0.1849  0.3570   20892.0   51705.8     402.5
 36       207990 210030  0.0017  0.3545   22844.4   51521.7     397.9
 36       247666 200026  1.0212  0.5070   28843.9   54698.4     392.4
 36       267039 190024  0.3864 -0.0147   25244.0   55328.1     394.7
 36       346138 230030  0.0464  0.0183   38275.3   50721.5     381.5
 36       419919 190029  0.5715  0.2842   32750.4   55473.1     387.2
 36       453152 270069  0.0783 -0.0453   30903.4   59514.4     392.8
 36       472488 210026  0.0342 -0.3572   50874.5   49804.1     360.4
 36       538372 210029  0.2136 -0.0755   52560.9   54787.0     363.3
 36       567699 170016  0.4185 -0.6091   48066.1   55166.9     370.1
 36       750416 160007 -0.1289 -0.8575   14448.0   69013.4     417.3
 36       753485 200024 -0.2031  0.3097   13969.1   69161.8     417.5
 36       811770 210026  0.0980 -0.1788   18661.0   61447.5     408.9
 36       870226 200018  0.1185  0.2303   27921.6   71881.8     400.1
 36       888349 270072  0.0294 -0.1986   30544.7   71246.1     401.0
 36       897804 250058  0.1483  0.0207   21077.5   68795.6     409.1
 36       915442 300083  0.0743 -0.0099   19410.5   71979.0     412.2
 36       979672 220032 -0.3923 -0.5803   32345.2   67063.5     391.5
 36      1000251 160011  0.4350  0.4837   31926.9   63663.6     393.7
 36      1032561 180010  0.3173  0.3217   38698.5   68852.8     387.3
 36      1117661 190019 -0.5393 -0.1696   47272.2   63082.2     375.2
 36      1121323 210023  1.2331  0.3323   47074.0   64223.7     372.6
 36      1151869 190026  0.3799  0.1144   50738.7   68444.5     368.3
 36      1179642 240036 -0.5542  0.4612   45837.6   67582.0     378.1
 36      1182619 170016  0.1585  0.2623   49286.1   70222.8     374.0
 36      1222378 200029  0.1008  0.0194   16517.7   77123.7     418.7
 36      1240129 180022 -0.0318  0.2154   15281.9   75537.8     418.9
 36      1328221 190019  0.6431 -0.7520    7314.0   78695.6     430.2
 36      1354793 220032 -1.0646 -0.5950   18295.9   83841.5     420.1
 36      1355020 200030  0.2158  0.1777   16734.4   83704.9     425.1
 36      1370392 200033  0.2081 -0.5499    9697.5   82340.8     432.7
 36      1442616 160005 -0.0213 -0.9423   28016.5   79927.4     402.7
 36      1596579 170014  0.6090  0.0487   37700.5   81652.4     394.4
 36      1636865 210027 -0.9898  0.3209   35792.4   83464.2     394.2
 36      1639618 200026 -0.2237  0.3216   39463.8   82394.7     390.9
 36      1641751 200031  0.5160  0.0148   36868.4   84003.5     397.0
 36      1648179 200020  0.0978  0.5739   32629.2   82626.9     400.2
 36      1688451 210026  0.3878 -0.7727   46353.5   72987.6     376.9
 36      1713245 230034  0.0334 -0.2814   43209.3   76651.5     382.8
 36      1754318 160009 -0.5708  0.7999   47082.6   77919.8     381.4
 36      1825172 280067 -0.0070 -0.1246   15353.4   86816.9     423.4
 36      1896745 200025  0.0659 -0.5635    9642.8   89494.9     437.2
 36      1968806 170015  0.0795  0.7550   12619.3   92776.0     430.1
 36      2106303 290061  0.0338 -0.0693   28104.4   84683.9     407.9
 36      2144776 270064  0.0900 -0.0453   29189.7   91984.7     408.5
 36      2151738 210022 -0.4699 -0.5052   27537.5   88491.8     413.2
 36      2155963 180012  1.1943  0.1939   27908.7   90519.3     409.5
 36      2208823 230037 -0.3591 -0.0135   18796.2   88017.7     420.9
 36      2340226 150004 -0.2328 -0.3264   19841.6   92475.4     418.6
 36      2560619 180012 -0.8590  0.5423   52357.5   85145.8     373.3
 36      2576990 190028  0.2192 -0.4010   47479.2   85106.8     380.2
 36      2593550 160009  0.9099 -0.0484   43792.9   85456.4     388.2
 36      2614410 200036 -0.4546  0.0832   53482.6   89060.8     376.0
 36      2666522 170008 -0.8965 -0.6480   44951.8   89360.4     387.1
 37        16354 160010  0.6493  0.4114   14300.0   50972.1     444.6
 37        58282 260060  0.2562  0.0063   10572.8   50645.5     453.0
 37       240667 200023  0.2532 -0.4153   25967.1   54529.5     428.9
 37       298186 170011 -0.2408 -0.3191   27683.6   58041.8     426.9
 37       299260 200017  0.0045 -0.3471   27981.7   59776.4     426.8
 37       300247 200025 -0.0427 -0.4050   28169.1   58671.8     426.5
 37       349836 180016 -0.1368  0.3753   37751.3   49130.4     408.6
 37       404046 150004 -0.0911  0.6174   39285.6   55518.6     406.5
 37       406964 200026 -0.4457 -0.2735   36976.7   55209.1     410.4
 37       410963 280076 -0.0179 -0.1248   37062.3   54468.2     409.6
 37       455847 160008 -0.1381 -0.6057   40238.5   58393.9     407.4
 37       646654 210022  0.5801 -0.6409   14739.5   61256.0     448.1
 37       675854 160007  0.3912 -0.0865   16481.4   65321.3     448.8
 37       746705 190018  0.3687 -0.0411   18132.7   68697.7     451.2
 37       806725 250063 -0.1291 -0.0964    8576.2   68546.1     466.9
 37       811248 260059  0.0090 -0.0802   26012.6   61048.8     434.3
 37       820252 240047  0.1575 -0.1012   20906.7   61338.0     441.0
 37       822095 160009 -0.9432 -0.5576   22554.0   61541.6     439.3
 37       854412 190019  0.5234 -0.3187   26516.7   66136.6     437.0
 37       854943 200022 -0.3512 -0.3114   28126.8   64992.8     430.1
 37       863047 220034  0.2815  0.1355   24610.3   64731.7     434.9
 37       865586 170018 -0.4275  0.0694   20632.4   62849.4     442.8
 37       865844 190021 -0.7555 -0.8253   22874.8   62811.3     440.8
 37      1011823 170012  1.1148  0.5761   32810.6   62589.8     420.7
 37      1012660 190020  0.1768  0.9191   30798.2   62734.4     425.4
 37      1063843 230034 -0.0685 -0.2046   33069.0   70675.0     426.9
 37      1078936 180015  0.2847 -0.6219   31565.8   69701.4     428.8
 37      1117511 190018 -0.7154  0.0289   50952.2   63561.2     385.7
 37      1227305 190016  0.1405 -0.2940   44506.2   68110.3     401.8
 37      1271294 180034  0.7949 -0.0004   12101.8   74474.9     465.6
 37      1313206 190030  0.2138 -0.6518   17499.3   77936.8     456.4
 37      1323001 150005  0.0652 -0.7786   10717.2   80772.7     469.2
 37      1344719 200023 -0.1946  0.7350   15157.5   78501.3     455.9
 37      1414530 220031 -0.0582 -0.0999   27736.5   73396.9     435.6
 37      1451847 170014  0.2320  0.7596   23688.8   74625.7     444.1
 37      1516625 200028 -0.4078  0.4477   21743.8   81277.1     448.8
 37      1557459 260063  0.0295 -0.0592   41224.9   75580.6     411.4
 37      1569641 190024  0.1903 -0.3534   36218.2   73269.6     418.1
 37      1604981 260063  0.0477  0.0183   33736.8   75341.1     422.2
 37      1637317 180024 -0.3794 -0.7943   37798.1   80462.5     423.3
 37      1639654 200026  0.2398  0.3663   36551.5   79108.4     418.8
 37      1703200 250049  0.0308 -0.1599   33891.0   83887.0     430.0
 37      1744076 170014 -0.0702 -0.3038   48680.6   73098.9     394.2
 37      1755564 210022 -0.0855  1.4358   46736.5   75186.3     400.0
 37      1775929 180022  0.2523  0.0936   50782.8   79526.6     391.7
 37      1801763 250060  0.1942 -0.0158   45971.8   78191.8     402.4
 37      1880066 200021 -0.1646  0.2752   10597.5   87246.1     471.6
 37      1938917 210024  0.2934 -0.5494   12967.6   88752.1     472.1
 37      1992508 210028 -0.1338  0.1612    8123.8   87501.7     478.1
 37      2077957 260058 -0.2181 -0.0995   14909.7   92501.9     467.4
 37      2262755 190028  1.1879  0.1899   26934.7   90666.6     447.3
 37      2266542 180012  0.0686 -0.4467   30230.1   91265.0     438.5
 37      2309192 210028 -0.1596 -0.2176   18724.9   88941.1     455.2
 37      2332499 260060  0.0922 -0.0295   29290.2   93758.9     441.7
 37      2387562 210024  0.0574  0.1916   20849.3   94174.1     456.5
 37      2499282 190015 -0.5514  0.2826   37815.0   89656.0     423.0
 37      2511680 190021  0.3475  0.2905   40004.3   89125.0     416.4
 37      2523781 160014  0.3992 -0.2619   40166.8   87583.2     420.2
 37      2525337 210043  0.5663 -0.6639   32530.5   91859.8     434.4
 37      2542362 170028 -1.3033 -0.1566   35217.2   90585.0     430.7
 37      2667103 190025 -0.8323 -1.2218   33220.8   92616.0     434.3
 37      2683750 220033 -0.3264 -0.2159   54807.7   84804.8     390.5
 37      2777469 200017 -0.2597 -1.3372   44684.2   87485.1     413.1
 38        42820 230045  0.1111 -0.2948    8019.3   50639.4     412.8
 38       156196 160010 -0.3287 -0.3412   18542.8   57954.5     403.2
 38       185384 160009  1.1911  0.3501    9233.6   59133.9     416.8
 38       189087 200033 -0.2865 -0.0141   10073.2   59332.4     414.3
 38       305800 170013 -0.6687  0.3042   18829.0   53375.0     403.2
 38       338307 250051  0.0777  0.1405   20550.6   59201.3     399.2
 38       346499 230054 -0.0703 -0.2480   41254.7   51548.8     374.3
 38       465675 150004 -0.0415 -0.8570   35863.9   58468.3     384.7
 38       486220 170011  0.4819 -0.1700   35423.6   59404.1     387.2
 38       490038 320122 -0.0238 -0.0893   33553.6   57341.7     387.9
 38       541829 160009  1.0499  1.2802   43982.2   51211.1     372.3
 38       598818 200019  0.4949  1.3313   48638.4   55647.5     365.2
 38       612053 150005 -1.3358 -0.5487   44182.8   54270.1     370.2
 38       653981 230050  0.8325  0.2931   43076.0   57321.7     374.0
 38       660767 190022  0.4324 -0.6220   43551.3   57597.8     373.9
 38       789841 180017 -0.0590 -1.1195   11474.3   69514.6     421.9
 38       797091 180020  0.1262  0.3005    7675.1   70644.4     427.0
 38       809169 180022  0.6106  0.7674    9830.3   69209.9     420.2
 38       877991 220043 -0.3296 -0.0324   21120.4   65321.4     409.2
 38       911461 290105 -0.4821 -0.1556   29720.7   70506.9     397.9
 38       916388 190024  0.5418  0.4072   30580.9   71700.2     397.3
 38       919237 210024  0.1075 -0.1867   30451.6   69375.4     397.3
 38       925409 230037  0.1199  0.0749   21233.2   70872.2     406.1
 38       926241 230039  0.3337  0.5480   20891.8   69415.2     406.0
 38       977440 160008 -0.1726 -0.5633   31549.6   61380.2     388.2
 38      1003520 200034  0.1090  0.7005   35767.9   66459.5     386.3
 38      1027454 150007  0.0090  0.2533   31279.8   65361.6     395.2
 38      1116235 210032 -0.2961  0.4736   49947.4   61760.4     369.9
 38      1209734 240048 -0.1155 -0.0694   54929.5   71880.0     367.2
 38      1387389 180018  0.7360  0.4649    6630.3   80816.5     429.4
 38      1392455 170009 -0.4985 -1.1346   10244.9   79961.1     427.3
 38      1403036 180017  0.7495 -0.7265   12701.9   83884.3     428.4
 38      1406319 250053 -0.3796 -0.1956   12276.1   83113.5     427.7
 38      1411149 160014 -0.4597  0.5325   11857.9   82381.8     428.0
 38      1419506 180012  0.1990 -0.5580    8930.0   83568.5     429.9
 38      1450135 220034  0.2813 -0.0165   24439.3   75721.8     408.2
 38      1450245 160007  0.4715 -0.4192   23954.9   75864.6     408.2
 38      1450907 160006 -0.1165 -0.4612   22738.5   74589.5     407.6
 38      1482785 220036 -0.2364 -0.3745   26424.2   80958.7     410.1
 38      1490344 250050  0.1214  0.0220   25915.7   79041.5     406.1
 38      1490367 180012 -1.1194  0.6618   26167.9   79314.4     406.1
 38      1490409 160010  0.0439 -0.4660   25549.7   79169.4     406.1
 38      1548313 190021 -0.1325 -0.1597   24355.3   83154.8     410.6
 38      1576682 220044 -0.1221 -0.1243   39767.3   76025.3     387.7
 38      1594560 230041 -0.0408 -0.2331   38230.2   73874.1     384.9
 38      1605126 180016 -0.2393  0.6926   34324.3   72907.6     389.9
 38      1629396 200022 -0.3453  0.3129   41814.8   79756.0     388.3
 38      1661420 230033  0.2164 -0.2411   34799.3   81159.2     396.3
 38      1683846 200026 -0.3328  0.1135   41566.5   83619.2     386.2
 38      1691685 210031  0.0460  0.1405   40089.7   83592.1     390.1
 38      1726138 180023 -0.3517 -0.7968   53793.5   74581.3     367.8
 38      1735232 170019 -0.7737  0.1963   49177.0   74708.6     376.2
 38      1810274 220027 -1.0037  0.8359   49272.1   79011.7     379.1
 38      1817516 170010  0.1856 -0.2758   48722.3   81989.6     377.4
 38      1826258 230038 -0.1479 -0.1543   48526.7   77280.2     377.3
 38      1826373 160010 -1.1048  0.1034   48664.4   77414.2     377.3
 38      1835009 200017 -0.2046 -0.1332   43843.3   81435.4     384.2
 38      1857413 190029  0.2008 -0.5132   46762.9   83085.6     382.8
 38      1946552 230029 -0.2191 -0.1995   13743.2   91438.7     429.3
 38      1949143 160012 -1.2345 -0.3775   13798.7   90817.3     429.4
 38      2361949 190023 -0.0263  0.3611   42382.5   84270.5     385.8
 38      2380548 160007  0.4005 -0.4542   37219.0   84406.7     395.8
 38      2427699 250069 -0.0066 -0.2063   37297.4   88939.0     398.4
 38      2448099 180014 -0.3101  0.1563   33031.4   91038.1     403.4
 38      2607168 190011 -0.8404  0.1235   46715.4   84160.9     382.9
 38      2622626 190021 -0.2291  0.1773   43993.8   86706.0     389.6
 39         3067 200025  0.7241  0.3763   18077.6   51013.5     434.2
 39         6729 210024 -0.9363  0.2916   17687.7   50393.1     436.8
 39        73128 190019 -0.3877  0.2579   17525.4   54416.4     434.7
 39       108770 180012 -0.0220  0.8484   13337.6   53922.1     443.6
 39       243789 220023  0.1634 -0.0008   27858.5   54879.9     421.1
 39       245766 250043  0.0840  0.0050   27556.5   52273.3     420.2
 39       266779 170007 -0.2539 -0.1001   22816.8   56270.5     432.5
 39       311125 200027  0.6485 -1.0363   23017.8   59465.1     433.2
 39       312972 160007 -0.3241  0.7206   21144.2   60096.6     436.2
 39       321019 170020 -0.2824 -0.2693   25159.8   58495.3     427.7
 39       351097 230042 -0.1654  0.0436   38381.7   48124.0     399.2
 39       451523 200031  0.2123  0.3445   39604.8   59709.0     404.8
 39       453335 160007  0.4775  0.0467   38110.0   59723.8     409.0
 39       474828 210025 -0.2437 -0.1294   31955.3   58250.9     418.8
 39       479115 220043  0.1201  0.2373   30685.4   57342.5     419.9
 39       526411 170014 -0.3139  0.3373   48219.0   47596.2     383.5
 39       527831 210032 -0.2403  0.1163   42687.7   50902.9     395.1
 39       550060 200033 -0.2168  0.0335   52348.5   52370.0     374.7
 39       558345 190017  0.0052  0.4193   54919.2   56532.7     373.8
 39       597590 170010 -0.4311 -0.1612   44250.8   52904.9     389.0
 39       619821 170020  0.0275  0.0478   53465.4   59596.7     375.2
 39       621789 180019 -0.2641 -0.8264   55377.4   59700.9     374.3
 39       760320 170017 -0.2058  0.0843   16496.5   68872.1     446.7
 39       783161 220043  0.3135  0.1679   15009.1   68554.2     450.5
 39       859485 170011  0.4167  0.1896   30469.7   64786.2     421.5
 39       864009 170012  0.6568 -0.3818   22338.9   65574.0     438.7
 39       891455 190021  0.2762  0.9993   18912.3   65595.9     444.7
 39       907183 190026  0.6272  0.3715   30035.1   68966.1     426.9
 39       912511 260055 -0.1267 -0.1056   26910.0   68355.7     428.9
 39       919077 180024 -1.0619 -0.5574   22582.0   70920.3     440.4
 39       949040 180014  0.1184  0.4780   40938.7   62195.2     403.1
 39       966806 170010  1.0268 -0.1897   34932.5   61559.7     414.1
 39      1014696 190013  1.0957  0.5544   33286.6   63913.7     418.5
 39      1015855 210031  0.0651  0.1292   33815.3   65369.9     418.5
 39      1076316 240043 -0.2465 -0.1179   33528.0   69477.4     420.9
 39      1170421 170013 -0.8896  0.0838   43952.8   63149.4     399.1
 39      1251419 190022 -0.1437 -0.6699   17130.8   73651.7     451.9
 39      1433445 170017  0.0103 -0.4751   22286.2   73587.7     438.1
 39      1568018 180012 -0.7406 -1.4226   36536.5   75806.7     416.9
 39      1588091 210026  0.0448  0.0103   33169.8   75455.3     421.9
 39      1598073 190013  0.5053 -0.3008   31667.9   72379.5     420.3
 39      1918237 180017 -0.4927 -0.4158   15664.4   90914.9     459.1
 39      1918777 270050  0.1718 -0.1396   12075.5   89482.2     466.4
 39      1923620 240054 -0.0757 -0.2063   13479.9   90083.3     462.6
 39      2150018 180018 -0.3889  0.1861   20759.0   84763.2     448.2
 39      2240186 200024 -0.4424 -0.0874   18737.1   88673.7     455.8
 39      2279950 210035  0.1049 -0.1881   26705.6   94791.3     445.0
 39      2280830 180015 -0.0497 -0.5856   28625.5   93594.4     440.0
 39      2422158 200028 -0.0264 -0.4339   40276.7   89934.7     416.2
 39      2497468 180024 -0.7320 -0.7843   40270.4   93393.0     415.2
 39      2516944 210026  0.0375 -0.1727   33100.5   92919.9     432.9
 39      2592646 210025  0.1031 -0.8532   54481.6   90479.2     389.9
 40        88609 200025  0.1081 -0.1939   13047.6   54637.9     409.8
 40        90649 250039 -0.2137  0.1086   11354.7   56326.7     413.6
 40       102588 170012 -0.3155  0.6070   13807.8   56431.0     412.7
 40       213710 190025  0.1098  0.1606   24280.5   51361.0     395.2
 40       261537 190013 -0.0935 -0.3783   30303.3   53199.8     387.1
 40       333391 180023  0.2154  0.2377   20393.7   59676.8     406.7
 40       334474 200038  0.2918 -0.6990   20143.2   59783.1     405.6
 40       364622 180022 -0.4347 -0.0108   40470.2   49525.9     375.4
 40       406050 190020  0.2476 -0.2825   37753.8   57038.3     379.7
 40       546446 200033  0.3618  1.1119   43982.4   50439.6     369.1
 40       594554 230037 -0.0339 -0.1674   49101.3   55464.6     367.6
 40       669688 170013  0.7822  0.7459   16968.7   61917.2     412.3
 40       702668 140005 -0.4490 -0.6255   18422.7   67099.6     412.9
 40       865656 180013 -0.7940  1.3730   26587.0   62899.9     398.9
 40       873734 260058 -0.0541 -0.0571   30028.6   66274.9     394.1
 40       917720 210024 -0.3677 -0.0960   27683.1   67882.6     399.5
 40       976681 230040 -0.0767 -0.0424   34134.4   62031.6     390.1
 40      1050939 180010  0.7799 -0.1967   35788.6   72178.7     388.5
 40      1078324 230030 -0.7364  0.1686   34050.4   68095.3     390.4
 40      1297945 220045 -0.0808 -0.0967    7804.4   75031.0     427.2
 40      1415933 210023 -0.1467  0.2313   10535.9   82626.4     431.4
 40      1519469 160006 -0.8150 -0.3223   25225.0   80138.0     409.0
 40      1542937 190012  0.3772  0.5720   23015.4   83621.0     413.1
 40      1565192 190023  0.5064 -0.4120   41578.1   73721.4     381.6
 40      1611287 170006  1.2822 -1.2854   33265.3   74969.9     394.4
 40      1671396 160004  0.2271 -0.7459   35308.1   77572.9     395.0
 40      1720040 240053 -0.0986 -0.0880   51832.6   72396.3     367.8
 40      1721689 220041 -0.1830 -0.1323   47475.3   75767.7     375.4
 40      1807182 200026 -0.3401  0.3118   42961.3   79810.1     383.9
 40      1896185 170010 -0.4548 -0.4082   16060.1   91447.0     428.6
 40      1905461 200026 -0.2648 -0.0631   14274.1   92059.4     431.5
