023      73547 250052 -0.0694 -0.0830   18187.8   53519.5
023     167833 260059  0.0039  0.0300    8195.7   59401.7
023     196123 210025  0.1481 -0.3308   24052.7   49726.7
023     651920 200020  0.6961  0.0949   18418.8   69541.2
023     707926 240045  0.1533 -0.2103   27716.5   60760.3
023     832764 240057 -0.0206 -0.1638   32548.8   61672.9
023     834626 230031  0.3776  0.4887   31447.2   61850.2
023     889781 260048 -0.0930 -0.1077   39094.3   71971.8
023     903280 260068 -0.3276 -0.0192   40047.6   69760.2
023     952687 250050 -0.0434  0.1451   53104.8   64831.0
023     976063 230037  0.0062  0.1089   46354.6   66711.8
023    1029983 230043 -0.2171 -0.2640   50396.8   70574.5
023    1044622 200022 -0.1829  0.2615   43721.6   69894.8
023    1343239 250052 -0.1202 -0.0418   36791.3   72356.8
023    1344691 250062  0.1347 -0.0658   32667.6   75805.4
023    1518941 230042 -0.1673 -0.2591   50166.6   77891.5
023    1573794 250053  0.2169 -0.0224   11030.1   86949.2
023    1580245 200025 -0.9190  0.1027   13948.6   85610.8
023    1910011 210021 -0.0693 -0.3342   28928.2   89789.4
023    2053756 220025 -0.0899 -0.0049   41877.7   85767.1
023    2074866 250049 -0.1024  0.1499   35416.3   86775.8
024     325969 220037 -0.1600 -0.3089   32829.2   47704.4
024     355731 210029 -0.2463 -0.0058   40027.7   56459.4
024     367250 200025 -0.5184 -0.6120   34025.8   53717.4
024     447459 230043 -0.1011 -0.0466   42925.3   51276.7
024     463394 200026 -0.3633 -1.1997   51065.6   52436.9
024     572146 200024 -0.1936 -0.8318   16302.4   62317.7
024     698852 240045 -0.2116 -0.3031   29955.7   62101.8
024     790568 210030 -0.0633 -0.0186   24864.4   71809.9
024     811901 200018  0.5949 -0.3315   37478.7   61688.8
024     851781 230038 -0.0150 -0.0937   32715.4   65700.6
024     903201 230036  0.2159  0.1791   33271.9   67807.9
024    1036125 210020 -0.4104 -0.3386   17342.7   76257.9
024    1257208 210028  0.2007 -0.1939   23371.5   81128.1
024    1295768 260059  0.0572 -0.1820   42047.5   75557.9
024    1310893 270052 -0.1630 -0.0868   38615.8   76679.9
024    1571605 200021  0.4844 -0.4346   15642.9   90053.9
024    1575512 200024  0.5882  0.6461   16633.8   87797.9
024    1682619 210028  0.1786  0.1398   11790.6   92840.1
024    1971768 250043  0.0040 -0.1271   21722.4   93988.9
024    2013543 240052 -0.0897 -0.0329   41818.8   86404.7
024    2024008 220038  0.0109 -0.2189   38523.9   85734.4
024    2043316 220034 -0.2970  0.1933   42414.2   90173.9
024    2194814 200014  0.7462  1.2074   47519.2   85144.9
024    2217897 300098 -0.0116 -0.0539   54565.5   90062.3
024    2330797 250045 -0.2077 -0.1203   45178.3   94408.1
025      75000 200023  0.1174 -0.9774   11279.6   53756.3
025     154572 200026 -0.0026 -0.2936   28946.5   48782.6
025     362994 200026 -0.8968 -0.4970   38796.3   59612.4
025     684807 240043  0.1947  0.0831   22515.2   67210.2
025     704466 250059 -0.1931  0.1177   23709.3   62289.8
025     730078 270068 -0.0746 -0.0044   30515.1   70151.0
025     732500 300087  0.1391 -0.0822   21380.8   72131.9
025     747956 210035 -0.0867  0.2163   23404.9   68088.6
025     800726 230035  0.2046 -0.3564   38426.0   64542.5
025     830649 210027 -0.3140 -0.0637   41695.5   71214.9
025     865972 230035 -0.1081  0.1611   33901.7   68392.9
025     953557 240038  0.0074 -0.1389   54046.4   67791.6
025     969023 200026 -0.5257  0.5865   47615.2   69366.6
025    1009478 240039  0.2356 -0.2449   18336.8   76016.1
025    1279610 200027  0.7586  0.7974   39361.2   74433.9
025    1296085 220042 -0.0309  0.3333   39792.5   73739.7
025    1310104 230050  0.1840 -0.0131   31884.4   76587.7
025    1343389 200021  0.1994  0.2674   40444.6   78447.6
025    1411780 200026  0.0471  0.0405   46023.5   74407.3
025    1576379 200022  0.0450  0.4426   18470.3   88263.9
025    1586511 200024 -0.2349  0.0081   12929.5   88892.6
025    2012797 210025  0.8847 -0.2750   39612.5   87846.3
025    2161689 220032 -0.0873 -0.0027   42637.3   86010.7
025    2171386 280072  0.1928 -0.1484   54559.2   89756.3
025    2220507 220026 -0.2486 -0.1353   43520.8   87852.3
025    2232487 240052  0.3014  0.1986   51078.3   93346.9
026      72303 220043  0.1164 -0.2564   18293.8   52714.5
026     487107 220040 -0.6022  0.6152   51746.0   53261.5
026     656582 270066 -0.1221 -0.1543   13039.4   68262.4
026     718026 240054 -0.2100 -0.0596   20711.3   60313.1
026     780365 200022  0.1860  0.1911   28781.0   70242.1
026     847900 210033 -0.0469  0.3877   39063.0   63646.7
026    1007255 250062  0.0042 -0.1399   54179.1   67974.5
026    1024324 220032 -0.4622 -0.0223   48001.2   68891.9
026    1174206 270056  0.0929  0.1267   15364.8   83823.9
026    1272661 210036 -0.1062 -0.3359   23152.5   81153.3
026    1309939 200030 -0.2410  0.4630   41885.2   74144.7
026    1360724 210031 -0.1788 -0.0712   39498.9   80625.6
026    1427830 220029  0.0267 -0.9992   54578.4   73852.4
026    1467149 200029  0.3093  0.0046   43766.0   76676.8
026    1528644 200023  0.3549 -0.5710   52960.3   83881.6
026    1778030 220031 -0.2435  0.4073   29181.0   85482.0
026    1803611 210024 -0.2278  0.0840   30609.5   91546.1
026    1871685 210023  0.1027  0.2028   25610.5   94012.5
026    1966872 250050 -0.1128 -0.0378   32268.7   86827.3
026    1974612 240049  0.0873 -0.0572   41029.5   88903.2
026    2098443 200016  0.8236 -0.3994   33307.3   94604.5
026    2108871 220036  0.1680 -0.7387   53994.8   86055.2
027     101203 300092 -0.0490 -0.0980   15494.2   52274.8
027     340362 240046  0.0839  0.0159   32728.0   47646.2
027     403388 200034  0.5815 -1.2979   35277.7   53525.2
027     427624 210033 -0.1586  0.1896   34750.7   58848.1
027     481214 200027 -0.8536 -0.6320   43943.0   49971.5
027     549167 280073 -0.1991 -0.0112   51382.3   57692.7
027     562956 200024 -0.4973 -0.2136   45749.8   57357.6
027     762524 200033  1.0118 -0.7433   27332.1   64656.5
027     870183 220032  0.0162 -0.1323   36325.4   60553.6
027     975207 280057 -0.0547 -0.2036   32142.6   67678.3
027    1027026 230037  0.1447 -0.0113   54897.1   65930.2
027    1403765 200018  0.4786 -0.0246   25478.1   82232.4
027    1457630 200039  0.1632  0.1213   33711.5   73566.8
027    1505148 220032  0.2254  0.1994   33892.4   81353.2
027    1536721 200022  0.0241 -0.9984   54543.7   74721.0
027    1622598 200027  0.5779  0.2950   48721.8   81516.9
027    1633111 280066 -0.0906 -0.0674   44023.6   79800.3
027    1649110 200025  0.5520  0.9444   53558.8   84027.2
027    1691991 200020 -0.4386 -0.2214   11599.0   84763.6
027    2165117 200026 -0.8234 -1.2557   39670.0   84797.1
027    2200041 220028  0.8374  0.1416   36074.4   90936.2
027    2235315 220044  0.0499 -0.0376   30837.2   91602.3
027    2435225 210021  0.2549  0.2414   44446.2   89573.3
027    2464973 260055  0.0265  0.0966   51487.3   92762.3
027    2464975 240056 -0.0897 -0.1527   52245.5   92927.1
028     104861 230051  0.0636  0.1729    9461.5   53875.5
028     143106 260053  0.1947 -0.0390   11735.2   58924.5
028     161539 230034 -0.2221  0.0822   29120.5   52177.6
028     171189 240046  0.0959 -0.0317   27209.5   50581.9
028     177058 230044 -0.0330 -0.1237   30372.5   49696.1
028     280985 210034 -0.1935 -0.3551   20676.3   58054.5
028     304147 200020 -0.2238 -0.2213   37125.7   51959.8
028     327504 200032  0.4254  1.0491   34811.3   49959.2
028     347793 270077 -0.0170 -0.1235   36576.0   52905.2
028     501959 240037  0.0954 -0.1964   43774.4   52927.1
028     523165 200023  0.1955  0.1074   47801.2   59386.7
028     547031 210026  0.2723 -0.0793   16801.6   60833.0
028     640088 220034 -0.1237 -0.1601   13063.1   68369.0
028     661899 200023 -1.4241 -1.3781    8999.1   69431.4
028     735951 280056 -0.0950 -0.0788   23605.9   65665.7
028     736421 200020 -0.3073  0.2331   21928.0   64444.6
028     741143 210024 -0.4092 -0.0084   23793.7   62702.7
028     906123 230033  0.0270 -0.1935   33834.9   67414.7
028    1003986 220038 -0.0434 -0.0750   46058.3   71028.7
028    1044152 270061 -0.2364 -0.1674   17121.9   72508.5
028    1051780 250057  0.0409 -0.0386   12451.9   72733.8
028    1089153 210044  0.4791  1.0067   17852.7   81880.7
028    1150538 200023  0.0430 -1.1618   12175.5   82742.4
028    1290060 210018 -0.1308 -0.3682   41643.7   75735.0
028    1322033 200022 -0.2660 -0.0065   33281.1   73108.5
028    1353528 200028  0.8222 -0.6932   36907.9   81736.4
028    1479127 240035  0.7247 -0.5140   47734.3   81961.2
028    1789861 210033  0.3246  0.1435   26400.5   88660.8
028    1805478 230043 -0.1544 -0.0618   28616.7   89926.0
028    1822844 200020 -0.9586  0.4794   22202.0   91717.4
028    1880850 220035 -0.3603 -0.0272   29906.7   93883.1
028    2144107 200038  0.0060 -0.1610   43818.0   84248.6
028    2160769 220030 -0.0390  0.1330   52151.3   87999.9
028    2170074 200017 -0.5768 -0.2133   52186.2   91187.9
029      67089 200018 -0.5681 -0.6921   16345.1   54125.5
029     119338 260050 -0.1695 -0.2819   10266.7   56095.3
029     222889 260053  0.0817 -0.1652   29097.0   56823.6
029     244599 220040  0.3684 -0.2247   24235.7   56512.7
029     296740 210023 -0.3794 -0.2178   42500.7   49593.2
029     346645 200022 -1.3857 -0.4909   42415.7   52224.3
029     495245 240040 -0.0432 -0.0116   53643.7   55511.2
029     544867 200034  0.7475  0.7438   50884.5   57333.0
029     701059 210026  0.2480 -0.0522    8072.2   68215.7
029     727703 200026  0.8341 -0.2246   29589.5   61104.1
029     858476 200029 -0.2829 -0.0279   32527.9   61848.2
029     859435 210033 -0.2480  0.3733   32763.6   60665.9
029    1036272 260052  0.0878 -0.0436   44140.3   67135.8
029    1050663 250056 -0.1209 -0.2855   54239.3   70671.7
029    1077829 200027  0.0429  0.1469   45953.2   67978.1
029    1080027 210030 -0.0632 -0.5173   47825.1   71441.9
029    1155858 230041 -0.0537  0.1951    7193.8   74306.9
029    1162990 200023  0.1170  0.3074    9819.9   74753.9
029    1230250 210039 -0.3847 -0.2056    8295.8   81090.4
029    1323327 210036 -0.0209 -0.4952   29452.5   80541.7
029    1405014 220043 -0.0092 -0.0771   41303.7   74638.3
029    1696508 200023 -0.1159  0.4431   14401.8   84963.4
029    2043083 240046  0.3107  0.1402   26183.7   88250.7
029    2116362 240054  0.0476 -0.0934   27589.1   96026.1
029    2208595 260058 -0.2072  0.0908   19921.9   93840.5
030      54373 260065  0.0586 -0.0669    8751.3   49591.1
030      77071 200044 -0.1762  0.3911   14120.1   53440.7
030      89484 220029  0.0414  0.2077   11791.5   55894.2
030     137196 240053 -0.1841 -0.0330   14748.4   58602.5
030     181595 260055  0.1484 -0.1416   30071.5   48381.1
030     223920 210029  0.0705  0.0307   28298.0   52771.9
030     271689 250070  0.2598 -0.2043   29949.6   60235.6
030     296029 200026  0.4546 -0.2912   41026.2   48635.5
030     359346 240062 -0.0623  0.1569   37445.7   56607.6
030     378109 200023 -0.7318 -0.0913   34694.8   52949.9
030     390537 240057 -0.0115  0.1750   33421.9   52383.7
030     499844 230037 -0.0691 -0.2451   45558.7   53122.8
030     568185 210028  0.2305 -0.1435   14000.1   60704.5
030     720442 200021 -1.4306 -0.5757   24994.1   61657.3
030    1001001 210032 -0.4139 -0.0659   43013.5   62454.3
030    1005600 210032 -0.2843 -0.7739   43183.8   67241.4
030    1038688 250045 -0.0751  0.2900   46326.1   68970.5
030    1057387 250036  0.1067  0.0035   45357.0   70450.1
030    1276615 220025 -0.1761 -0.0848   19223.5   74597.0
030    1332612 200036 -0.3045 -0.1697   19358.2   77880.5
030    1373923 200026 -0.1274 -0.0681   37904.3   73277.9
030    1374755 250055 -0.0322  0.0770   37616.7   76081.5
030    1392509 210037 -0.2918  0.1029   34385.1   75637.4
030    1410964 200025  0.2206 -0.0153   31854.2   72578.7
030    1423222 220033 -0.1916  0.2961   39526.9   78530.3
030    1532695 220038  0.0607 -0.0858   45077.7   75989.4
030    1561101 200022 -0.6721 -0.4649   46169.5   78881.1
030    1613316 200022  0.6827  0.0762   16282.2   85258.3
030    1733841 200026 -0.2238  0.1879   15876.6   96355.7
030    1907182 230041  0.0404 -0.1470   21815.2   86130.8
030    2145857 210032 -0.2299 -0.3343   32394.9   88079.3
030    2185053 200024  1.3108  0.9053   37382.6   95103.1
030    2273782 200030 -0.1396  0.0932   50016.5   84460.1
030    2305194 250053 -0.0222 -0.1488   53252.3   91184.9
030    2314624 200018  0.2487  0.0918   49198.2   89720.6
031      69005 200019 -0.4853  0.8416   18154.8   54584.8
031      73257 200022  0.2178 -0.0986   12887.8   54346.2
031     145071 230029 -0.6135  0.4032   12238.9   57531.3
031     185092 240041 -0.1810 -0.1180   22330.0   49750.8
031     212293 200020 -0.1801 -1.0750   27795.8   54713.0
031     267270 220031  0.2572  0.0952   23085.8   59297.6
031     293093 200023 -0.1227 -0.2047   37688.8   51317.0
031     486206 200021 -0.3213  0.9786   47208.6   52376.4
031     654200 230036  0.1343  0.1760    8286.7   68097.3
031     707841 270056 -0.1339 -0.1515   20723.0   65927.1
031     731805 290094 -0.0484 -0.0417   20102.6   62686.4
031     748392 200020  0.0835  0.0092   30030.8   69510.7
031     861465 210026  0.2423 -0.4608   37980.0   67806.4
031     923305 230039  0.1595  0.1871   52151.8   66616.2
031    1073032 210029 -0.1914  0.6091   15785.7   79755.4
031    1139793 260060  0.1184  0.0314   14580.4   83559.6
031    1172074 210032  0.7290  0.7339   27049.2   76882.3
031    1175429 230024  0.4403 -1.1711   30096.2   76310.0
031    1188978 230041 -0.0629 -0.0204   25026.6   72897.4
031    1285720 230035  0.1612 -0.2059   40970.5   74569.1
031    1294733 210036 -0.0738 -0.1948   35963.6   73069.3
031    1300135 200026  0.0508 -0.3561   36197.9   74159.6
031    1310333 210028  0.2171  0.0796   36517.9   75084.7
031    1312183 230044  0.0903 -0.3641   37102.4   72652.6
031    1401842 220046 -0.3411 -0.3772   34625.4   82489.1
031    1479665 250057  0.1627 -0.1979   53221.5   79032.9
031    1817517 220033  0.1543 -0.2887   24065.4   86086.4
031    1902139 220047 -0.2296 -0.2741   27613.3   95823.0
031    1944076 220042  0.0441  0.1262   24427.6   93427.0
031    2050018 210024  0.1694 -0.2291   35785.6   90368.9
031    2149470 200028  0.2653 -0.8132   30719.5   93143.9
031    2256259 230037  0.2185  0.1089   48690.2   89018.6
032       7997 200035  1.0187  0.5452   16633.8   51377.8
032      24153 210040 -0.1438 -0.3314   11533.9   49182.1
032     154062 220035 -0.2745  0.3738    7749.9   58858.6
032     172284 200031  0.8510 -0.8891   26368.7   50981.2
032     182265 220032 -0.1167  0.1039   28297.3   52247.3
032     249426 200022  0.1868  0.3558   22283.0   54199.2
032     751402 220035 -0.3919 -0.0036   26126.0   62923.7
032     845794 220032 -0.2411 -0.0798   38856.8   61597.8
032     903760 230032 -0.0541  0.2644   41405.1   68600.9
032     957663 250047 -0.1552 -0.1799   48102.8   60277.2
032    1003543 200026 -0.7141 -0.1895   50244.5   63294.7
032    1058762 200017 -0.2918 -0.7217   44565.0   68820.4
032    1304213 220040  0.1172 -0.4488   30362.4   83548.1
032    1323108 300075 -0.0106 -0.0614   41428.3   75239.0
032    1341764 270064  0.1287 -0.0333   36851.3   73153.9
032    1384733 200028  0.6168  0.3523   36934.3   81478.8
032    1428520 220027  0.1875  0.0929   30677.8   82660.4
032    1461436 210029 -0.5210 -0.0034   46270.6   74143.7
032    1546648 210033 -0.0262 -0.1285   49326.8   82407.9
032    1547705 200023  1.1413  1.0403   47418.7   84140.3
032    1830121 220038  0.1058  0.3476   30014.6   86648.1
032    1909520 230046 -0.1244  0.0922   20025.6   91263.7
032    2028830 200022  0.9958  0.3142   32452.2   85281.3
032    2269920 230038 -0.0841  0.0431   43002.4   89621.4
033      27584 200029 -0.1397 -0.3283   11844.5   49288.0
033     105484 280062  0.0016 -0.1163   14996.3   53317.3
033     353277 210031  0.0179  0.0926   32585.7   51478.7
033     388699 270070  0.0168  0.0541   39777.8   54307.1
033     477761 220030  0.0045 -0.2747   48296.0   50730.8
033     505482 200029  0.1033  0.0663   54135.4   54236.3
033     525839 220031  0.1708  0.1012   45917.1   54181.2
033     556276 200016  0.7635 -0.9632   50868.1   57744.1
033     563380 320112  0.0657 -0.2111   51412.0   58775.6
033     575058 220033 -0.1353  0.1823   50494.6   58815.8
033     713163 240056  0.0040 -0.0794   15428.8   67604.5
033     813645 280057  0.2080 -0.1310   29403.2   67384.6
033     852562 240060  0.0508 -0.1999   20645.7   68017.9
033    1081465 200023  0.1546 -0.0097   46181.1   68751.8
033    1122360 210038  0.2308 -0.1937   17235.0   76393.6
033    1290559 200025  0.0016  0.2941   21456.4   73956.9
033    1300284 230048 -0.1642 -0.0656   23315.8   75999.6
033    1342776 230034 -0.9637 -0.2605   22293.2   79320.6
033    1415182 240038  0.0457 -0.3612   36639.6   74817.2
033    1479571 280083 -0.1108 -0.1217   34164.3   77676.2
033    1591647 240041 -0.1718  0.1357   52065.0   79351.4
033    1649366 200022  0.2841  0.2233   49777.9   83744.4
033    1702749 220035  0.2427 -0.1479   17014.7   92153.0
033    1945146 210023 -0.9990 -0.6911   27931.2   85163.8
033    1950368 200028  0.1481 -0.4432   30434.8   85571.5
033    1999984 200025 -0.6889  0.9597   22482.8   88394.8
033    2005809 210026 -0.2664  0.0665   21019.8   90369.4
033    2120547 260063  0.0119 -0.1253   21704.7   96054.6
033    2232050 200027 -0.6566 -0.3125   33967.3   89066.5
033    2237321 230050 -0.1152 -0.4695   35068.8   90602.4
033    2376769 220036 -0.0141 -0.4332   50466.4   85985.1
033    2397155 200026  0.1771 -1.2335   52314.7   87388.8
033    2410315 220037  0.1886 -0.0563   54827.2   88281.2
033    2430431 270052  0.0075  0.0972   47201.5   91590.2
034      32846 200030 -0.1731  0.3871   15256.3   50751.4
034     182980 250072  0.0731  0.0215   28126.6   52046.7
034     299477 220035  0.3391 -0.1216   28375.5   58474.4
034     317956 200028 -0.2639 -0.2682   20598.0   59756.1
034     346234 260064  0.1275  0.0185   38363.2   49502.7
034     395617 240041 -0.2842 -0.0617   37189.8   56415.5
034     422098 260046  0.0246  0.2527   35301.9   53473.5
034     457511 230055 -0.0369 -0.0811   33674.8   57342.1
034     617007 260048  0.0972 -0.1145   11315.3   61875.0
034     627106 200028 -0.0054  0.2033   12041.1   61287.0
034     650016 210022  0.3263  0.0550   17203.5   66302.6
034     655574 220036  0.1033 -0.2600   11163.4   63278.1
034     690128 220027  0.3632 -0.0385    9384.2   62930.6
034     712871 210028  0.0150 -0.1357   17631.9   69938.2
034     768077 200026 -0.6962  0.3788   10007.2   68367.5
034     798889 200018  0.2032  0.5949   25950.1   63256.7
034     828569 220039  0.1946 -0.0416   21016.8   65490.8
034     842961 260051  0.1045 -0.1675   19087.9   63119.2
034     891900 200025  0.6069 -0.6073   23197.8   68405.3
034     893520 240050  0.1368 -0.0763   25185.5   70047.2
034     955288 200031  1.1194  0.5778   36843.3   64734.9
034     972216 220041 -0.0949 -0.0384   35317.4   63122.3
034     989471 200019 -0.1208 -0.6861   41707.9   67782.9
034     990941 200026  0.3772 -0.3630   41448.9   71990.3
034    1110822 250066  0.1195 -0.1857   46472.4   62624.9
034    1129530 200023 -0.1295  0.9102   52914.7   71090.3
034    1136087 210025 -0.0617 -0.2213   51667.9   68104.1
034    1240692 200029  0.4534 -0.8846   10030.2   75871.6
034    1314882 200020  0.0411  0.4380   17515.2   82446.6
034    1367812 200037  0.1849  0.0096   21011.4   73126.6
034    1415797 220023  0.3481 -0.6927   30310.0   81071.3
034    1434040 260054 -0.0799 -0.2788   22250.5   81595.1
034    1507335 210025  0.0851 -0.4018   36928.3   73757.9
034    1566048 200020  0.0743  0.3478   34246.0   82231.4
034    1624185 230037 -0.0211  0.0410   53104.8   74072.7
034    1668489 280057  0.0613 -0.0849   44908.6   75867.7
034    1712916 230049  0.1464  0.0570   48182.1   82131.4
034    1781899 220038 -0.7116  0.5155   11612.7   85871.4
034    1884816 210028  0.2595 -0.8572   16072.8   93438.2
034    1905838 230047 -0.2572  0.0209   18275.7   92536.5
034    2291011 230041  0.1824  0.0932   39839.5   85463.3
034    2592744 210034 -0.4402 -0.1236   45461.1   91451.2
035     102987 220043 -0.1321 -0.0108   13692.6   52780.1
035     292609 220032 -0.0492 -0.0697   19354.4   54688.5
035     306098 220032  0.2221  0.0678   29000.1   57324.4
035     401550 230044  0.0046 -0.1478   37669.4   57170.1
035     519143 210029  0.1101 -0.2110   49805.3   50433.7
035     597832 210020 -0.2617  0.0683   44600.0   53718.0
035     640104 200022  0.0917  0.2691   42666.5   60116.8
035     715476 200021  0.0644  0.7348    9529.8   63472.8
035     844909 200027  0.6341 -0.5933   26531.2   64622.0
035     989437 210029 -0.2519 -0.1168   31009.7   66295.5
035    1100241 210024  0.1609  0.1970   51541.3   65411.5
035    1385075 280075 -0.1033 -0.2094   26242.1   74524.8
035    1387096 260065  0.2814 -0.0196   25890.7   76293.6
035    1405663 200025  0.1301  0.5644   28833.7   72370.5
035    1550724 200027 -0.2266  0.4882   39900.5   76171.8
035    1664223 220036  0.3994 -0.1665   50710.2   73293.7
035    1744353 220036  0.0249  0.2988   52101.7   80124.4
035    1774821 250070 -0.0313 -0.1145   43013.8   77668.7
035    1809331 280067  0.0659 -0.0161   45663.3   83966.7
035    2056010 220020  0.2719  0.0514    7718.4   94287.0
035    2201372 220021 -0.2748 -0.0391   19429.0   87173.2
035    2246780 200016 -0.7594 -0.5733   20751.1   87366.3
035    2343422 200029  0.0630 -0.4290   24690.5   92742.6
035    2631169 210037 -0.4326 -0.0025   49686.2   84949.9
036      69992 200016 -0.0860 -0.0397   17951.4   53580.0
036     207990 210030  0.0017  0.3545   22844.4   51521.7
036     247666 200026  1.0212  0.5070   28843.9   54698.4
036     346138 230030  0.0464  0.0183   38275.3   50721.5
036     453152 270069  0.0783 -0.0453   30903.4   59514.4
036     472488 210026  0.0342 -0.3572   50874.5   49804.1
036     538372 210029  0.2136 -0.0755   52560.9   54787.0
036     753485 200024 -0.2031  0.3097   13969.1   69161.8
036     811770 210026  0.0980 -0.1788   18661.0   61447.5
036     870226 200018  0.1185  0.2303   27921.6   71881.8
036     888349 270072  0.0294 -0.1986   30544.7   71246.1
036     897804 250058  0.1483  0.0207   21077.5   68795.6
036     915442 300083  0.0743 -0.0099   19410.5   71979.0
036     979672 220032 -0.3923 -0.5803   32345.2   67063.5
036    1121323 210023  1.2331  0.3323   47074.0   64223.7
036    1179642 240036 -0.5542  0.4612   45837.6   67582.0
036    1222378 200029  0.1008  0.0194   16517.7   77123.7
036    1354793 220032 -1.0646 -0.5950   18295.9   83841.5
036    1355020 200030  0.2158  0.1777   16734.4   83704.9
036    1370392 200033  0.2081 -0.5499    9697.5   82340.8
036    1636865 210027 -0.9898  0.3209   35792.4   83464.2
036    1639618 200026 -0.2237  0.3216   39463.8   82394.7
036    1641751 200031  0.5160  0.0148   36868.4   84003.5
036    1648179 200020  0.0978  0.5739   32629.2   82626.9
036    1688451 210026  0.3878 -0.7727   46353.5   72987.6
036    1713245 230034  0.0334 -0.2814   43209.3   76651.5
036    1825172 280067 -0.0070 -0.1246   15353.4   86816.9
036    1896745 200025  0.0659 -0.5635    9642.8   89494.9
036    2106303 290061  0.0338 -0.0693   28104.4   84683.9
036    2144776 270064  0.0900 -0.0453   29189.7   91984.7
036    2151738 210022 -0.4699 -0.5052   27537.5   88491.8
036    2208823 230037 -0.3591 -0.0135   18796.2   88017.7
036    2614410 200036 -0.4546  0.0832   53482.6   89060.8
037      58282 260060  0.2562  0.0063   10572.8   50645.5
037     240667 200023  0.2532 -0.4153   25967.1   54529.5
037     299260 200017  0.0045 -0.3471   27981.7   59776.4
037     300247 200025 -0.0427 -0.4050   28169.1   58671.8
037     406964 200026 -0.4457 -0.2735   36976.7   55209.1
037     410963 280076 -0.0179 -0.1248   37062.3   54468.2
037     646654 210022  0.5801 -0.6409   14739.5   61256.0
037     806725 250063 -0.1291 -0.0964    8576.2   68546.1
037     811248 260059  0.0090 -0.0802   26012.6   61048.8
037     820252 240047  0.1575 -0.1012   20906.7   61338.0
037     854943 200022 -0.3512 -0.3114   28126.8   64992.8
037     863047 220034  0.2815  0.1355   24610.3   64731.7
037    1063843 230034 -0.0685 -0.2046   33069.0   70675.0
037    1344719 200023 -0.1946  0.7350   15157.5   78501.3
037    1414530 220031 -0.0582 -0.0999   27736.5   73396.9
037    1516625 200028 -0.4078  0.4477   21743.8   81277.1
037    1557459 260063  0.0295 -0.0592   41224.9   75580.6
037    1604981 260063  0.0477  0.0183   33736.8   75341.1
037    1639654 200026  0.2398  0.3663   36551.5   79108.4
037    1703200 250049  0.0308 -0.1599   33891.0   83887.0
037    1755564 210022 -0.0855  1.4358   46736.5   75186.3
037    1801763 250060  0.1942 -0.0158   45971.8   78191.8
037    1880066 200021 -0.1646  0.2752   10597.5   87246.1
037    1938917 210024  0.2934 -0.5494   12967.6   88752.1
037    1992508 210028 -0.1338  0.1612    8123.8   87501.7
037    2077957 260058 -0.2181 -0.0995   14909.7   92501.9
037    2309192 210028 -0.1596 -0.2176   18724.9   88941.1
037    2332499 260060  0.0922 -0.0295   29290.2   93758.9
037    2387562 210024  0.0574  0.1916   20849.3   94174.1
037    2525337 210043  0.5663 -0.6639   32530.5   91859.8
037    2683750 220033 -0.3264 -0.2159   54807.7   84804.8
037    2777469 200017 -0.2597 -1.3372   44684.2   87485.1
038      42820 230045  0.1111 -0.2948    8019.3   50639.4
038     189087 200033 -0.2865 -0.0141   10073.2   59332.4
038     338307 250051  0.0777  0.1405   20550.6   59201.3
038     346499 230054 -0.0703 -0.2480   41254.7   51548.8
038     490038 320122 -0.0238 -0.0893   33553.6   57341.7
038     598818 200019  0.4949  1.3313   48638.4   55647.5
038     653981 230050  0.8325  0.2931   43076.0   57321.7
038     877991 220043 -0.3296 -0.0324   21120.4   65321.4
038     911461 290105 -0.4821 -0.1556   29720.7   70506.9
038     919237 210024  0.1075 -0.1867   30451.6   69375.4
038     925409 230037  0.1199  0.0749   21233.2   70872.2
038     926241 230039  0.3337  0.5480   20891.8   69415.2
038    1003520 200034  0.1090  0.7005   35767.9   66459.5
038    1116235 210032 -0.2961  0.4736   49947.4   61760.4
038    1209734 240048 -0.1155 -0.0694   54929.5   71880.0
038    1406319 250053 -0.3796 -0.1956   12276.1   83113.5
038    1450135 220034  0.2813 -0.0165   24439.3   75721.8
038    1482785 220036 -0.2364 -0.3745   26424.2   80958.7
038    1490344 250050  0.1214  0.0220   25915.7   79041.5
038    1576682 220044 -0.1221 -0.1243   39767.3   76025.3
038    1594560 230041 -0.0408 -0.2331   38230.2   73874.1
038    1629396 200022 -0.3453  0.3129   41814.8   79756.0
038    1661420 230033  0.2164 -0.2411   34799.3   81159.2
038    1683846 200026 -0.3328  0.1135   41566.5   83619.2
038    1691685 210031  0.0460  0.1405   40089.7   83592.1
038    1810274 220027 -1.0037  0.8359   49272.1   79011.7
038    1826258 230038 -0.1479 -0.1543   48526.7   77280.2
038    1835009 200017 -0.2046 -0.1332   43843.3   81435.4
038    1946552 230029 -0.2191 -0.1995   13743.2   91438.7
038    2427699 250069 -0.0066 -0.2063   37297.4   88939.0
039       3067 200025  0.7241  0.3763   18077.6   51013.5
039       6729 210024 -0.9363  0.2916   17687.7   50393.1
039     243789 220023  0.1634 -0.0008   27858.5   54879.9
039     245766 250043  0.0840  0.0050   27556.5   52273.3
039     311125 200027  0.6485 -1.0363   23017.8   59465.1
039     351097 230042 -0.1654  0.0436   38381.7   48124.0
039     451523 200031  0.2123  0.3445   39604.8   59709.0
039     474828 210025 -0.2437 -0.1294   31955.3   58250.9
039     479115 220043  0.1201  0.2373   30685.4   57342.5
039     527831 210032 -0.2403  0.1163   42687.7   50902.9
039     550060 200033 -0.2168  0.0335   52348.5   52370.0
039     783161 220043  0.3135  0.1679   15009.1   68554.2
039     912511 260055 -0.1267 -0.1056   26910.0   68355.7
039    1015855 210031  0.0651  0.1292   33815.3   65369.9
039    1076316 240043 -0.2465 -0.1179   33528.0   69477.4
039    1588091 210026  0.0448  0.0103   33169.8   75455.3
039    1918777 270050  0.1718 -0.1396   12075.5   89482.2
039    1923620 240054 -0.0757 -0.2063   13479.9   90083.3
039    2240186 200024 -0.4424 -0.0874   18737.1   88673.7
039    2279950 210035  0.1049 -0.1881   26705.6   94791.3
039    2422158 200028 -0.0264 -0.4339   40276.7   89934.7
039    2516944 210026  0.0375 -0.1727   33100.5   92919.9
039    2592646 210025  0.1031 -0.8532   54481.6   90479.2
040      88609 200025  0.1081 -0.1939   13047.6   54637.9
040      90649 250039 -0.2137  0.1086   11354.7   56326.7
040     334474 200038  0.2918 -0.6990   20143.2   59783.1
040     546446 200033  0.3618  1.1119   43982.4   50439.6
040     594554 230037 -0.0339 -0.1674   49101.3   55464.6
040     873734 260058 -0.0541 -0.0571   30028.6   66274.9
040     917720 210024 -0.3677 -0.0960   27683.1   67882.6
040     976681 230040 -0.0767 -0.0424   34134.4   62031.6
040    1078324 230030 -0.7364  0.1686   34050.4   68095.3
040    1297945 220045 -0.0808 -0.0967    7804.4   75031.0
040    1415933 210023 -0.1467  0.2313   10535.9   82626.4
040    1720040 240053 -0.0986 -0.0880   51832.6   72396.3
040    1721689 220041 -0.1830 -0.1323   47475.3   75767.7
040    1807182 200026 -0.3401  0.3118   42961.3   79810.1
040    1905461 200026 -0.2648 -0.0631   14274.1   92059.4
