 49      3329984 -0.0266 -1.9905  126700.7  122379.5       0.0    451692784    185474424
 49      3329994  1.2306 -0.7262  128080.0  122444.2       0.0    468793184    185477797
 49      3330001 -1.5576 -0.4312  130249.2  122450.0       0.0    468808162    185342766
 49      3330062  1.0837 -0.2557  128089.9  120084.7       0.0    468878815    185367121
 49      3330079 -0.6875 -1.5114  126543.9  118858.6       0.0    468897890    185148262
 49      3330101  0.3624  0.5573  128016.3  118618.6       0.0    451817358    185383988
 49      3330315 -1.8173  1.1053  126859.6  121989.1       0.0    452055324    185332910
 49      3330424  1.2502 -0.7465  127341.0  120615.2       0.0    469281711    185636186
 49      3330541 -0.1330 -0.0516  130837.5  121423.4       0.0    469439709    185609397
 49      3330853 -1.0776  0.6486  121674.2  118641.3       0.0    469807746    185030033
 49      3330862 -0.8990 -0.0212  123069.4  118650.2       0.0    469822414    185251171
 49      3330963  0.0580 -0.1599  121781.9  119136.5       0.0    452760042    185075381
 49      3331229 -1.6003 -0.4174  125837.2  119510.4       0.0    453020085    185085284
 49      3331242 -1.4348 -1.7940  123929.2  120950.0       0.0    470229401    185065316
 49      3331301 -0.1700  0.0448  124401.1  122423.8       0.0    470332054    185214295
 49      3331334 -0.8423 -0.4176  125561.8  121288.0       0.0    470371898    185010166
 49      3331349 -1.0272 -1.2411  122697.6  120189.7       0.0    453197069    185237338
 49      3331493 -0.0803 -1.0821  124154.2  118939.5       0.0    453375433    185254760
 49      3331537  0.1091 -0.1582  123778.1  118096.3       0.0    453413633    185321734
 49      3331548 -1.7566  1.2153  122398.4  117966.2       0.0    470632211    185107087
 49      3331860 -1.8268  1.8286  120329.2  118466.7       0.0    448003404    183909431
 49      3331968 -0.2474  0.3209  121070.2  118516.9       0.0    464963866    184131800
 49      3332012 -0.1165 -0.9482  120846.5  119762.9       0.0    448191874    184040004
 49      3332049 -0.5157  0.0858  119229.4  120682.1       0.0    448226390    184050995
 49      3332106  1.0584  1.0745  117486.3  122371.5       0.0    465148293    184078776
 49      3332178 -2.4064  2.0198  117169.6  119883.4       0.0    448386718    183930160
 49      3332225 -0.3494 -2.5013  119227.8  118554.2       0.0    465278794    184191813
 49      3332310  0.1111 -1.2765  117374.0  120555.4       0.0    448533509    184164055
 49      3333117  1.0959 -0.4918  115716.0  121603.3       0.0    449501737    183782134
 49      3536638 -1.4917 -1.6022  126523.7  127544.1       0.0    540277356    223657599
 49      3536746  0.0996 -0.7964  126967.3  123847.4       0.0    540385626    223837075
 49      3536782  0.2125  0.3764  128065.2  126881.4       0.0    559187970    223937939
 49      3536821 -2.2710 -0.8625  128626.4  125315.9       0.0    559229105    223825247
 49      3537052  1.2515  0.1030  128970.3  123553.7       0.0    540719397    224071495
 49      3537112 -1.4702  0.0594  127491.4  125879.9       0.0    540780258    223982092
 49      3537113  0.0034  0.3628  129284.4  125663.6       0.0    559577593    223985245
 49      3537164 -0.6745  0.9940  131135.9  127067.9       0.0    540862865    224010849
 49      3537194  0.8500  0.3456  127333.0  127353.3       0.0    540879854    224019081
 49      3537209  0.8258 -0.3740  128894.2  127461.1       0.0    540897967    224026471
 49      3537424 -0.8680 -0.1235  128876.6  124205.6       0.0    559949431    223887620
 49      3537654 -0.1375 -1.0693  123328.5  126440.3       0.0    541354301    223451637
 49      3537692  0.7357  1.1030  122995.6  125461.4       0.0    541391950    223572801
 49      3537847 -0.6338  0.0096  121493.8  125601.9       0.0    560374385    222716035
 49      3537879  0.3425  0.7082  123338.7  127134.6       0.0    541578892    223434837
 49      3537954  0.0255  1.2389  124404.6  124437.9       0.0    541661883    223612998
 49      3538270  1.5309  0.3425  125882.2  124123.8       0.0    542037212    223756479
 49      3538309 -0.2661 -1.1367  124565.3  123023.1       0.0    542089047    223779295
 49      3538468  0.9233  0.7512  116705.6  126455.0       0.0    536400895    222424828
 49      3538661  0.0833  0.5426  120308.4  124592.0       0.0    555075683    222498010
 49      3539049 -0.2713  0.2291  118960.0  126391.3       0.0    537057146    222613444
 49      3539051  0.2052  1.2094  119454.7  126570.0       0.0    555559207    222580376
 49      3539082  1.4522  0.3110  119110.5  125264.3       0.0    555610011    222667576
 49      3539789  0.1163 -2.4745  116119.2  126853.4       0.0    537876058    222252968
 49      3539943  0.3604 -0.5799  115556.1  126505.3       0.0    538064920    222252961
 49      3568417  0.2488  0.2039  129739.5  132543.7       0.0    542138165    224510611
 49      3568490 -1.4585 -0.3625  129670.7  130031.6       0.0    542213480    224759973
 49      3568800 -0.9206  0.0067  129796.0  132201.0       0.0    542528462    224714435
 49      3568921 -1.4815 -0.4931  130818.8  131996.1       0.0    542695644    224568208
 49      3569076  1.0919 -1.4350  131064.2  131443.9       0.0    561787560    224749724
 49      3569098 -0.9892 -0.2557  127613.5  131855.6       0.0    561824606    224799616
 49      3569418 -0.2325 -0.8425  125110.6  129174.3       0.0    562226723    224203706
 49      3569462  0.1211  0.8546  125002.9  127981.9       0.0    543294672    224273969
 49      3569619  0.6037 -1.3885  125867.0  128147.2       0.0    543448611    224480022
 49      3569685 -0.6601  1.4195  125561.6  130975.7       0.0    562523238    224176181
 49      3569796 -1.6335 -0.8089  126099.0  131395.1       0.0    543661098    224392989
 49      3570107 -0.2979 -1.0249  118111.2  129983.2       0.0    556983973    223209369
 49      3570141 -1.1652 -0.0110  118164.1  128677.2       0.0    557022516    223340189
 49      3570209  0.6918 -0.9841  116504.7  130382.9       0.0    557085550    223110589
 49      3570333 -0.8207 -1.4858  116410.1  129559.9       0.0    538614275    223040458
 49      3570356  0.0260  1.4788  117080.9  131015.6       0.0    538642696    223092526
 49      3570432  1.0025 -0.3733  118872.4  128449.2       0.0    538732018    223238003
 49      3570649  0.1176  1.9535  117187.8  130205.6       0.0    557632035    223263061
 49      3570823  0.5124  1.4843  119132.6  129214.2       0.0    557834563    223252718
 49      3570859  0.1183  1.2208  119610.3  127922.2       0.0    539213019    223237275
 49      3571450 -0.7006  0.3197  116326.8  130713.9       0.0    539834328    222922546
 49      3601573 -0.2964 -0.1794  130525.3  134926.3       0.0    631066692    264604913
 49      3601729 -0.3670 -1.4441  128291.8  132680.2       0.0    631223148    224500786
 49      3601874 -0.7462 -0.3981  127635.1  133196.4       0.0    631362786    264896444
 49      3601878  0.1473 -0.3459  129509.6  133339.4       0.0    651716847    264718635
 49      3601913 -0.4174 -0.6226  129137.0  134803.5       0.0    631424182    264735965
 49      3602095  0.2570  1.0415  129231.3  134961.0       0.0    631631902    264858018
 49      3602389 -1.2415  2.7505  123445.8  134976.2       0.0    652330681    264353123
 49      3603360 -0.1875 -0.0401  116715.4  134080.3       0.0    647216421    263238165
 49      3603379  0.4420  0.6686  120111.8  134132.1       0.0    627218765    263248678
 49      3603586  0.4212 -0.4283  117776.6  134389.5       0.0    627445226    263477097
 49      3603842 -0.2242  0.9092  121319.2  133902.2       0.0    632849086    263464118
 49      3603959  1.1852  0.5622  118893.3  134233.9       0.0    647960259    263471967
 49      3603992  1.8687 -0.8329  119144.1  133005.5       0.0    627914660    263487906
 49      3604296 -0.1453  0.0598  115136.0  132989.7       0.0    628240544    262907991
 49      3604326  0.5386  0.8095  115490.9  133294.3       0.0    648375390    262955914
 49      3960880 -0.5526  0.4425  128583.3  116800.6       0.0    453615846    186201951
 49      3961113 -0.8400 -2.0895  130374.8  115666.1       0.0    471064564    186085099
 49      3961451 -0.6698  0.2338  129137.2  116704.3       0.0    471472117    186351573
 49      3961760 -0.0876  0.6198  121457.2  116489.4       0.0    471798878    185744231
 49      3962194  0.1967 -0.0179  122370.8  116011.2       0.0    472352677    185930357
 49      3962233 -0.6340 -1.5889  125921.4  115020.9       0.0    455084327    185871143
 49      3962291 -0.0385 -0.5416  124422.7  116721.6       0.0    472486195    185980016
 49      3962312  0.0731 -0.1993  122539.9  116523.5       0.0    472506230    185986104
 49      3962314  0.3896 -0.3609  122249.0  116588.6       0.0    455177381    185991227
 49      3962425  0.2058 -0.2830  116954.7  117219.8       0.0    466672241    184750581
 49      3962486  0.4407  0.9153  120104.1  116284.4       0.0    449790507    184666627
 49      3962614 -0.0379  0.9999  116606.3  115266.5       0.0    466870456    184671101
 49      3962980  0.1074 -0.3307  117642.0  117171.8       0.0    467284455    184818462
 49      3963062 -0.2486 -2.4806  119513.1  116063.4       0.0    450404324    184925505
 49      3963159  0.1511 -0.2476  120779.3  116812.0       0.0    450504482    184900630
 49      3963164  0.2480 -0.3294  119008.1  116449.6       0.0    467523290    184861905
 49      3963201 -0.6403 -1.5659  121275.7  115260.9       0.0    467561368    184880051
 49      3990166 -2.6370  0.5167  130267.8  119775.5       0.0    469121361    167587706
 49      3990338 -0.0133  0.3417  129347.1  121895.4       0.0    452221328    167546420
 49      3990527 -0.2948 -0.3370  127483.7  121626.3       0.0    469555554    167619381
 49      3990658  0.4216  1.0063  121704.9  121117.8       0.0    469735573    167057176
 49      3990733  1.3481 -3.0610  123078.2  118656.4       0.0    469822653    167144882
 49      3990815 -0.1520  2.1268  121807.7  119279.3       0.0    469918442    167159570
 49      3990907  0.6117 -1.1851  121301.7  119713.9       0.0    447696225    167158469
 49      3990931 -0.9599 -0.3439  124954.0  119462.0       0.0    470039433    167200805
 49      3991010  0.0400  0.3574  123928.6  118540.2       0.0    452962920    167286821
 49      3991131 -0.2197 -1.4448  122486.4  122266.0       0.0    453133161    167228101
 49      3991143 -0.2118 -1.5839  124640.9  122250.2       0.0    470332070    167233639
 49      3991162 -0.9212 -2.1249  126126.7  122475.1       0.0    470344786    167238819
 49      3991167  0.5902  1.4958  122293.9  121333.3       0.0    470354282    167308651
 49      3991302  0.1216 -0.1559  124133.4  120293.9       0.0    453327293    167275584
 49      3991442  1.0843 -1.7067  116400.6  120041.6       0.0    464574848    166133951
 49      3991444  3.0610  0.6008  116930.8  120105.5       0.0    447778148    166300137
 49      3991812 -0.2786 -0.1134  117179.5  120903.5       0.0    465034888    166142260
 49      3991814  2.4036  1.6639  117972.6  120686.7       0.0    448206921    166035123
 49      3991870 -0.6504 -0.5094  120876.9  122135.9       0.0    465123223    166216979
 49      3991901 -1.0477 -0.2593  120649.1  122577.6       0.0    448345850    166025775
 49      3991998  1.2507 -2.5100  120768.5  121651.2       0.0    448457389    166243077
 49      3992058  0.9815  2.8669  121186.1  119099.2       0.0    448547617    167158535
 49      3992482 -0.7039 -1.5285  115157.0  122163.6       0.0    449093010    165756012
 49      4018589  0.4102 -0.6536  126682.2  127542.1       0.0    540275161    202173356
 49      4018759  0.4640  1.8150  130183.0  126539.9       0.0    540446308    202310081
 49      4018804 -1.1179  1.5434  128694.1  124415.4       0.0    559267581    202292591
 49      4018811  0.7194 -0.4211  128540.3  124290.8       0.0    540519170    202260126
 49      4018855 -0.5502 -0.4312  130268.9  122908.9       0.0    540556575    202278899
 49      4018894 -0.4781  1.4218  130183.4  123451.9       0.0    540582836    202222679
 49      4018972  1.4138  0.1480  128619.1  126950.9       0.0    540679866    202370088
 49      4019044  1.0549 -0.4671  127894.8  125637.4       0.0    540779230    202244509
 49      4019189 -0.6665 -0.5280  127137.6  125136.0       0.0    540956501    202200167
 49      4019286  0.9321  0.6884  129506.0  125439.6       0.0    541084485    202250202
 49      4019337 -0.1341 -2.1210  127338.4  124216.3       0.0    541144743    202419883
 49      4019442 -0.4466 -2.7040  125079.2  126090.7       0.0    541263599    201924766
 49      4019680 -1.3449 -1.9411  123195.0  123105.9       0.0    541491927    167244625
 49      4019951  2.8981  0.2860  123952.9  127410.7       0.0    541811865    202064061
 49      4019964  1.1362 -2.0571  122574.8  126142.5       0.0    541838195    202023109
 49      4020045 -0.3034  0.9441  125710.0  124016.8       0.0    541925304    202142242
 49      4020252  1.7226 -1.8601  120043.0  126201.2       0.0    536310980    201012340
 49      4020512  0.1563  1.2408  116475.1  126017.8       0.0    555084187    200894910
 49      4020817 -0.0194  1.6185  117378.8  124011.2       0.0    537001412    201041636
 49      4020856 -1.2949  1.3005  121256.1  126615.5       0.0    555542767    201084940
 49      4020898  0.3190 -0.0458  119013.1  125609.4       0.0    555611250    201159587
 49      4021428  0.5428 -0.3231  116033.5  124335.1       0.0    556315154    200845677
 49      4021514 -0.4238  0.4408  116091.5  126930.7       0.0    556438549    200755045
 49      4021574  0.1544 -1.2355  116164.4  126175.4       0.0    556538664    200739844
 49      4021611  0.6778 -0.7051  115655.7  125066.3       0.0    538013088    200797031
 49      4021653  0.5258  0.6786  115742.4  126853.3       0.0    556650630    200755097
 49      4218207 -0.9657  0.7398  130224.2  131352.9       0.0    561061968    202878539
 49      4218293 -0.8361  1.1251  128197.2  131826.1       0.0    542276365    202947635
 49      4218444  2.4994  0.1538  129828.1  129670.5       0.0    561353660    202936155
 49      4218464  0.6552  0.4696  128139.2  130924.9       0.0    561383279    202830754
 49      4218845 -0.5806 -0.0027  128927.7  129069.7       0.0    561903565    203115915
 49      4218934 -1.7709 -1.4366  121580.8  131152.0       0.0    543065403    201708827
 49      4219041 -0.6460  0.3927  125232.9  128657.1       0.0    562126821    202548799
 49      4219056  0.0876 -1.3978  123306.5  131663.2       0.0    543181220    202518512
 49      4219336 -0.6507 -2.0277  123907.6  130718.5       0.0    543520554    202569751
 49      4219369  0.1658  0.7576  124130.2  132246.1       0.0    562557832    202704250
 49      4219390 -0.3525  0.9976  122948.9  132732.1       0.0    651267287    239136198
 49      4219980  0.1658 -0.1301  120828.6  128286.3       0.0    557373058    201679953
 49      4220191 -0.5288  0.4817  118877.5  128767.9       0.0    557687900    201572739
 49      4220280  0.4223  0.4817  117356.2  129019.5       0.0    557857314    201822628
 49      4220282 -0.0959  1.8107  121145.9  127871.2       0.0    557865825    201679543
 49      4220285  2.1184 -0.7634  118989.1  127775.6       0.0    557873952    201096903
 49      4220946  0.4096  1.5883  115650.9  130027.0       0.0    540018373    201479772
 49      4248188  0.4160 -1.0534  126783.5  133215.0       0.0    651572564    239232876
 49      4248189 -0.7668  1.8283  126654.7  133252.1       0.0    651572572    239180724
 49      4249378  2.7217 -1.8272  126364.1  134266.1       0.0    653202326    239181024
 49      4249408 -1.0107  0.6523  125556.3  132728.5       0.0    653244232    238929483
 49      4249658  1.2383 -0.1651  118723.4  134350.8       0.0    647238637    238154734
 49      4249697 -0.1825  2.0798  120191.6  133004.7       0.0    647285394    237973041
 49      4249762 -0.3125  1.3369  120329.0  134797.1       0.0    627316787    237894178
 49      4249825  0.1521 -0.8535  117974.9  133320.7       0.0    647428940    237959662
 49      4249872 -1.0599  0.1849  118939.0  134584.4       0.0    647501160    237977731
 49      4250086  0.6040 -0.6371  121317.0  133823.3       0.0    647797621    238864533
 49      4250898  1.3595 -0.7785  115881.6  133939.0       0.0    648872728    237790099
 49      4421701  1.1473 -5.5011  128039.5  118583.3       0.0    140357573     56237863
 49      4421731  0.3686  0.1120  126421.6  120641.9       0.0    255542341     56005937
 49      4421745 -1.2840 -2.9554  129640.5  120445.2       0.0    255557044     56022896
 49      4421772  1.0213  1.0797  127090.3  117752.4       0.0    255587075     56086879
 49      4422420 -0.3585 -3.0919  122512.1  118781.1       0.0    140865199     55948092
 49      4422424  0.7716 -1.2567  125823.6  118838.8       0.0    256377658     55877645
 49      4422454 -1.6470 -3.0877  125952.7  120318.5       0.0    140892675     55884173
 49      4422501 -1.0298  1.1121  123850.1  117772.3       0.0    140927179     55855586
 49      4422511 -1.0067 -0.5831  116613.5  122613.2       0.0    253059699     55317316
 49      4422606 -3.5251  2.0999  116453.7  119313.4       0.0    139021366     55297048
 49      4422863 -3.4937 -0.2239  119356.3  119921.8       0.0    253479835     55378453
 49      4434813  1.3928 -0.5213  127130.2  126206.7       0.0    307190721     67395172
 49      4434883 -0.0726  0.3968  129786.6  126771.8       0.0    168909035     67322734
 49      4434951  0.6924  3.2472  127057.2  123483.3       0.0    307354342     67430973
 49      4435100  2.2993 -3.7555  129472.4  126984.1       0.0    169046957     67303747
 49      4435141  1.5711  6.2499  130922.0  127612.2       0.0    307553287     67710889
 49      4435217 -0.1044 -0.4495  129522.2  126803.7       0.0    307631098     67415237
 49      4435553 -0.1520  2.2014  124053.6  125914.0       0.0    308035745     67251910
 49      4435568 -0.6267  1.2535  122766.2  127182.7       0.0    308055532     67243535
 49      4435633 -0.4414  5.5486  125716.2  125351.7       0.0    308144407     67266900
 49      4435804  1.4768  0.5740  116977.5  123768.2       0.0    304850383     66832373
 49      4436091 -0.4244  2.8573  118919.4  125172.2       0.0    305214836     66803879
 49      4436122 -4.5001  0.5169  119381.7  126612.1       0.0    305263407     66749743
 49      4436142  3.5814  2.2842  118977.4  125629.5       0.0    167773693     66733080
 49      4436495  1.6594 -0.3571  115912.0  127185.3       0.0    168031025     66670601
 49      4447735 -0.9086  3.4745  126688.9  132476.0       0.0    308280363     79117890
 49      4447756  0.0209  0.6350  126727.7  131471.6       0.0    308301997     67604890
 49      4447954 -2.8931 -3.1481  130120.1  130772.8       0.0    308510138     67686487
 49      4447962  0.6026  1.1285  126510.9  132002.0       0.0    169624914     67579341
 49      4448036  1.7684 -4.3329  130932.4  130559.2       0.0    308607874     67657598
 49      4448117  0.2479  1.6187  127913.5  128748.0       0.0    308704838     67619708
 49      4448157 -3.1148 -0.1937  127154.7  131755.3       0.0    169759108     67605182
 49      4448179 -3.1297  2.0589  129462.6  129446.9       0.0    308792465     67594182
 49      4448309  3.5842  0.7341  125311.1  131587.0       0.0    169867920     67552409
 49      4448379 -1.4967 -2.0887  125149.4  128040.0       0.0    309000485     67155119
 49      4448461 -1.8625 -2.8724  122628.1  129514.1       0.0    309096064     67546514
 49      4448473 -0.5063  5.0003  126183.5  129585.2       0.0    309114675     67520180
 49      4448502  0.4344 -3.4825  122590.9  131919.9       0.0    309149780     67535084
 49      4448512 -2.8550  2.7660  125845.2  132277.8       0.0    170005473     78974569
 49      4448516 -0.8495  0.9032  126114.7  131874.5       0.0    309166447     67526893
 49      4448715 -0.3352  0.5986  116539.6  130077.4       0.0    306038031     67037425
 49      4448723  0.9605  3.9315  118829.4  130306.2       0.0    306046449     67106325
 49      4448862 -0.7401  1.8922  118362.5  131104.1       0.0    306218049     67033307
 49      4448880  0.4316  0.4480  117783.1  128522.9       0.0    306247502     67113968
 49      4448902  1.2879  0.7482  117351.4  129694.9       0.0    306276027     67109186
 49      4448996  0.1806  4.3984  117958.0  130163.7       0.0    306406394     67015000
 49      4460925  4.8975  0.7046  128913.4  132799.6       0.0    360500809     79116224
 49      4461096 -0.2869  1.6195  127393.1  134913.9       0.0    198058142     79192764
 49      4461189 -0.2938  2.5818  127589.3  134425.9       0.0    198125349     79169968
 49      4461369  0.2876 -1.2478  124957.9  134226.2       0.0    361037468     78967955
 49      4461387  1.0099  3.2184  123114.1  133224.3       0.0    361055548     78947314
 49      4461468 -0.0961 -4.4818  122675.9  133072.6       0.0    361136009     67522248
 49      4461676 -4.8452  1.5139  126179.5  133002.2       0.0    198466234     78979041
 49      4461757 -0.7782 -0.9198  120367.3  133504.6       0.0    358033247     78549641
 49      4461796  1.6770  0.5400  116491.0  134259.0       0.0    196555845     78534105
 49      4462111  1.5300  6.6511  120914.9  133230.5       0.0    358497699     78641308
 49      4624690  0.4122 -0.3408  126640.6  115113.4       0.0    470750222    168028922
 49      4624793  1.3721  0.9412  128065.4  115338.5       0.0    470876453    168077476
 49      4625118 -0.0760  0.8044  129044.0  117647.7       0.0    471320773    167657727
 49      4625278 -2.4195  0.8477  129030.6  115358.4       0.0    454257626    168077426
 49      4625693  0.3642 -1.9370  123056.3  117071.0       0.0    454754037    167733069
 49      4625825  0.9574  0.5417  122937.2  117275.1       0.0    454930635    167676907
 49      4625910 -0.1973  0.5450  124168.8  116250.3       0.0    455037145    167902555
 49      4625945  2.1599  0.1203  124620.1  115224.2       0.0    455069994    167752992
 49      4626143  0.2064 -0.3076  118717.3  117237.8       0.0    466683113    166831984
 49      4626305 -1.5849  1.5382  116712.2  115266.4       0.0    466870438    166535423
 49      4626321  0.7169 -0.4873  118805.5  115489.8       0.0    466888290    166988378
 49      4626472  1.3888 -0.1859  116631.3  117093.2       0.0    467086246    166829749
 49      4626572  0.4533  1.1598  119398.2  116034.7       0.0    467244086    166930536
 49      4626643 -0.5588  1.5052  119663.6  117745.1       0.0    467351440    166325577
 49      4626750  0.1639  1.0511  119589.7  116509.2       0.0    467523297    166971715
 49      4627360 -0.1953 -0.2299  115532.6  117058.7       0.0    468366921    166485476
 49      4627400  0.4934 -1.5979  115684.6  117469.7       0.0    468427215    166552821
 49      4647917 -0.5630  3.6618  130317.6  121457.8       0.0    255471273    119193435
 49      4648076  2.9721  4.5845  127136.2  119439.9       0.0    255564108    119427814
 49      4648204  1.3421  2.7785  128184.0  119794.0       0.0    255630211    119248979
 49      4648263  0.4032  0.6253  128766.8  122197.7       0.0    255664197    119367726
 49      4648443  5.6835 -3.7902  129538.3  122503.0       0.0    255783151    119407826
 49      4648525 -0.5121  1.7488  129060.0  118843.3       0.0    140556304    119437166
 49      4648724  0.5230  2.7315  122059.8  121288.8       0.0    255975582    119077101
 49      4648879 -0.5261 -2.7051  121592.5  120192.4       0.0    256061567    119015442
 49      4648972 -0.2069  3.3961  123488.6  118249.4       0.0    256113855    118988905
 49      4648992 -0.1888 -1.1316  122051.4  118448.5       0.0    256130297    119009776
 49      4649069 -2.6089 -4.6390  121592.9  121979.2       0.0    256178619    118204226
 49      4649128 -2.0283 -4.1195  126243.7  118333.7       0.0    256213031    119650622
 49      4649247 -0.8358 -0.1056  122540.6  122467.4       0.0    140827269    119090213
 49      4649250  1.2230  2.3951  123037.2  122604.4       0.0    256301397    143653092
 49      4649550  0.0138  2.8658  118127.6  122727.2       0.0    253068909    142822324
 49      4649563  0.6163 -4.8796  120186.6  122500.3       0.0    138951501    118063018
 49      4649564  1.7793  2.4634  120092.2  122724.4       0.0    253077949    142860293
 49      4649789 -0.3879 -3.6158  118323.1  119149.3       0.0    139025736    118142934
 49      4650272 -0.3824 -1.2932  119102.0  121604.0       0.0    139210017    118238162
 49      4650350  1.2298 -0.8565  117594.6  118891.9       0.0    253590102    118255972
 49      4650955 -0.9582  1.1598  115505.8  120697.5       0.0    253984826    117880553
 49      4651150 -0.3939 -1.4045  115935.0  118785.1       0.0    139547353    117899829
 49      4651155 -0.1665  3.9368  115903.8  121742.4       0.0    139551954    118321852
 49      4671879  2.9621 -3.8348  126568.6  126058.7       0.0    307190007    144031661
 49      4671913  2.5144 -1.0798  129850.1  126384.0       0.0    168869265    143852078
 49      4672014 -0.7473 -3.3517  129688.3  126763.0       0.0    168909083    143985917
 49      4672196 -1.2788  5.0348  128596.0  124637.8       0.0    168965671    143942879
 49      4672222 -0.9971  1.1379  126863.7  125702.5       0.0    168971835    143940119
 49      4672253 -0.8504 -4.1143  128698.1  126904.1       0.0    307410935    143943009
 49      4672342  1.8869  3.5018  127668.4  126052.6       0.0    307476669    143950427
 49      4672488  1.4138 -1.7192  130925.2  126079.4       0.0    307574465    143991064
 49      4672500  4.2511  0.6246  127664.7  125221.3       0.0    307579690    143894430
 49      4672511  0.4426 -1.0225  128008.9  124764.8       0.0    307583472    143936765
 49      4672533 -0.2990 -1.8775  127462.0  123779.6       0.0    307602064    143955005
 49      4672650  0.5660  1.1797  127379.8  124368.6       0.0    169149322    143968550
 49      4672721 -0.4193  5.5779  125183.7  127652.5       0.0    169177534    144186988
 49      4672939 -0.6082 -0.9559  124851.9  124054.4       0.0    307876076    143598518
 49      4672977 -2.0630  5.9154  121857.2  123368.8       0.0    169274152    143578841
 49      4673166 -0.9296 -3.1163  125848.1  124255.4       0.0    308016556    143689273
 49      4673364  0.1613  1.7646  125853.2  125236.9       0.0    308145003    143716513
 49      4673380  0.1324  0.9027  122910.8  123915.7       0.0    169414072    143815824
 49      4673527 -0.0484  1.3705  126310.2  122909.3       0.0    169471337    143689423
 49      4673657 -3.5426  0.0125  116985.3  125039.7       0.0    167510059    142653610
 49      4673731 -2.7543 -0.8518  118252.8  126447.7       0.0    167542143    142914844
 49      4673762 -3.7222 -6.9311  116917.0  125063.7       0.0    304897803    142577397
 49      4674006 -0.6901  2.9599  118961.8  123322.0       0.0    167641189    142976788
 49      4674197 -0.6030  1.0560  117290.1  126227.8       0.0    305187596    142954719
 49      4674271  0.2836  1.4774  119585.4  123838.4       0.0    305238385    142976878
 49      4674284  0.1258  1.0223  120529.9  123582.5       0.0    167749609    142943549
 49      4674299  2.7845  0.3442  120976.7  126880.5       0.0    305254351    143671863
 49      4674819  2.2999 -0.3751  115227.6  125815.2       0.0    305605998    142604033
 49      4674960  0.1211 -5.3066  115859.4  125486.7       0.0    305716993    142694613
 49      4675283  0.5883  3.2822  115932.3  122967.8       0.0    168147995    142667815
 49      4850036  0.1469  0.8609  126457.4  117383.5       0.0    140943951     56235467
 49      4850065 -3.1721 -1.0873  126516.6  116434.3       0.0    140959902     56194988
 49      4850337 -0.8857  1.0052  131243.9  115693.6       0.0    256830043     56322145
 49      4850540 -0.1027 -0.8676  122059.1  117542.1       0.0    257052579     56091743
 49      4850548 -0.3005 -4.6440  123123.9  117251.4       0.0    141272900     56100103
 49      4850847 -0.0122  3.7012  124235.5  117752.8       0.0    257422261     55875738
 49      4850939 -2.0973  2.1331  122220.2  115447.5       0.0    257554707     56149895
 49      4851082  0.9902 -4.4694  116776.3  116550.8       0.0    139688524     55689375
 49      4864699  0.7258 -0.0947  134672.5  117765.4       0.0    245101759     85894512
 49      4864764 -0.1509  1.0781  134602.8  115693.8       0.0    260098971     85821427
 49      4864844  1.4726 -1.3973  134526.7  117026.2       0.0    260167450     85757236
 49      4865218 -0.8664 -2.1268  132652.7  118112.9       0.0    260627873     85952483
 49      4865269  1.2070 -1.8528  134378.9  116651.1       0.0    245722260     85882834
 49      4865533  0.3159  1.0653  130243.5  115902.7       0.0    240575304     84883447
 49      4882854 -0.5116 -3.2111  130148.4  129736.0       0.0    308341647    144424394
 49      4882898 -0.6089  0.3655  126393.4  131587.9       0.0    308375258    144428807
 49      4882949 -0.1336 -1.4765  128635.6  130230.5       0.0    308405696    144407751
 49      4883097  1.2065  3.8975  130079.3  129911.3       0.0    308489834    144495268
 49      4883151  4.0015 -2.4930  126553.4  132139.1       0.0    169626445    144616204
 49      4883278  0.3335  0.3924  127179.2  132067.1       0.0    169682363    144546349
 49      4883421 -2.1103 -1.1691  129338.0  129808.7       0.0    308691306    144485353
 49      4883430  0.5920  0.7981  127304.5  128664.3       0.0    169734844    144594052
 49      4883435  1.1284  0.2106  128031.6  128710.4       0.0    308705277    144420749
 49      4883456  0.8566  1.9025  130751.0  128937.0       0.0    308720689    144527996
 49      4883520  0.1373  2.1729  129003.4  130664.8       0.0    308763293    144575937
 49      4883550  0.7076 -1.9044  131179.0  129147.5       0.0    308783754    144602737
 49      4883558 -0.2133 -4.4756  129460.0  128947.0       0.0    308792459    144649975
 49      4883792  0.4981  3.1121  124784.5  131618.1       0.0    169869232    144119207
 49      4884030  0.7691 -1.0882  126337.4  128186.4       0.0    309088371    144463742
 49      4884039  0.1620 -4.5511  126410.4  128469.9       0.0    169959577    143832243
 49      4884048 -0.4514 -1.3107  122422.5  129516.4       0.0    309095861    144361304
 49      4884079 -0.9077 -2.8840  125544.5  129440.5       0.0    309113212    144152959
 49      4884121 -0.3821  1.1255  126260.2  130921.4       0.0    169989876    144301029
 49      4884356  0.1580  3.4043  124324.4  130439.2       0.0    170082006    144299338
 49      4884511 -2.2981 -1.5937  120230.9  131168.7       0.0    306031558    143432171
 49      4884691  0.8020  5.2809  118446.8  128072.1       0.0    306164114    143383641
 49      4884716  0.4690 -1.3547  118450.5  128479.2       0.0    168281398    143367884
 49      4884742 -3.9369 -7.0264  116880.9  129273.9       0.0    306193141    142631278
 49      4884811 -0.8357  1.7814  117908.5  128388.6       0.0    306247546    143486153
 49      4884934  0.2687 -1.4724  117592.2  131989.6       0.0    168366582    143507007
 49      4884989  3.4958  1.3790  119626.3  132634.1       0.0    306371859    168451814
 49      4885056 -1.4821  4.3810  117652.2  130237.2       0.0    306406301    143466334
 49      4885079  3.8448  1.7910  119338.9  129915.8       0.0    168414355    143346437
 49      4885152  2.2912  3.9513  117983.6  131634.6       0.0    306469049    143281612
 49      4885729 -0.5797 -2.0318  116264.6  128402.9       0.0    306845558    143264585
 49      4885770  0.5814  3.3868  116146.0  129860.2       0.0    306873750    143161262
 49      4885868 -3.3374  1.1623  115955.6  132162.9       0.0    168714598    143011324
 49      4885930 -1.0490  1.9861  116072.2  131393.4       0.0    306984143    143174768
 49      4885967 -1.7578  0.2987  115720.1  130035.1       0.0    307009272    143034239
 49      4886013  0.3266  2.0239  115496.1  131560.6       0.0    168773830    143174846
 49      4886036  1.5042 -2.7475  115879.6  130422.0       0.0    168790267    143147865
 49      4906184 -0.1224  4.5869  128600.8  133921.0       0.0    360409937    169498893
 49      4906298 -0.7187 -0.6013  128471.2  134245.2       0.0    360479784    169544717
 49      4906357  0.8623  7.1175  126379.3  133472.3       0.0    360517430    169528901
 49      4906521 -0.0020  1.1538  127908.3  134614.5       0.0    360611024    169664912
 49      4906993  0.8119  4.5508  123176.1  134981.9       0.0    198173645    169215096
 49      4907330 -2.0381 -3.7487  124379.3  133301.8       0.0    198298784    144288197
 49      4907652  0.3818 -4.8504  126009.4  133778.6       0.0    361401018    144292030
 49      4908177 -0.8180 -1.0118  119252.2  134507.0       0.0    358240724    168613872
 49      4908692 -3.2730 -0.6420  115370.3  133644.1       0.0    358610518    168210399
 49      5066082 -0.5042  0.6395  126486.2  116421.1       0.0    256594473    119790543
 49      5066103 -0.6060  0.6441  128548.9  116694.7       0.0    256603507    119795293
 49      5066287  0.8206  3.3515  126827.9  115840.2       0.0    141072680    119791146
 49      5066674  0.2714 -1.6800  127308.7  116486.8       0.0    141217505    119937067
 49      5066935  0.2825 -1.9585  121566.2  116532.2       0.0    257143275    119475329
 49      5067347  0.8923  5.0624  125715.8  117764.2       0.0    257430423    119161306
 49      5067417  0.9770  3.5740  125947.4  115046.4       0.0    141519693    119623965
 49      5067739  0.8128  3.3698  116730.8  116574.0       0.0    254363949    118612427
 49      5068647 -1.8570 -1.8314  115064.5  115307.4       0.0    254981239    118538466
 49      5081089  0.3800 -1.1306  131975.3  122838.3       0.0    261974418     85268055
 49      5081109 -0.4948 -0.0552  132856.1  123134.2       0.0    246935281     85288723
 49      5081326 -0.4731 -0.2056  133506.9  119470.9       0.0    262210681     85158379
 49      5081722  1.3322 -0.6019  132643.4  120488.2       0.0    247581853     85097964
 49      5081754 -0.2005 -0.1603  132668.0  119294.7       0.0    247618611     85326000
 49      5081808  1.3708 -0.8779  132026.1  121956.2       0.0    247693406     85298856
 49      5082056 -1.0958  1.1437  131135.6  122773.1       0.0    257706920     84141938
 49      5082088  0.3291 -0.4565  131071.6  120354.0       0.0    243058206     84265499
 49      5082142  1.0014  0.9035  124565.8  123112.9       0.0    258089723    101728587
 49      5082147  1.6382  0.8011  124828.9  121729.6       0.0    243347658     83556791
 49      5082258 -0.1087 -0.2004  125860.7  122136.0       0.0    244065634     83816808
 49      5082271  0.2308 -0.5718  123763.9  120865.6       0.0    258982864     83793882
 49      5102321 -0.1571 -0.8283  131823.8  128080.4       0.0    317530419    103098222
 49      5102472 -1.2833 -0.3957  131882.6  127057.4       0.0    317678383    103159600
 49      5102567 -1.0053 -0.6117  131934.2  123439.2       0.0    299122508    103206021
 49      5102710  2.8202 -2.9134  132481.6  123556.6       0.0    317949845     85069493
 49      5102738  0.0855 -1.3075  132550.4  125021.7       0.0    299321961    103428021
 49      5102752 -0.8675 -1.1629  133977.8  124993.6       0.0    318015464    103423722
 49      5102960 -0.3359  1.4862  132526.3  124449.5       0.0    299587251    103428041
 49      5103053  1.0406  0.8210  132265.2  125737.9       0.0    318403967    103412559
 49      5103110 -0.4467 -1.4039  133932.3  123225.9       0.0    318471815     85289110
 49      5103211  2.2829 -1.9789  129793.3  126371.6       0.0    294573870    102064713
 49      5103275 -2.5075  1.2374  130390.1  128232.2       0.0    313187613    102838749
 49      5103380 -0.7562 -0.2124  125350.6  124254.2       0.0    295304606    101665086
 49      5103471  0.1952 -1.0781  124123.2  124189.5       0.0    314338951    101780141
 49      5123282 -0.6424  2.2883  131591.5  129147.7       0.0    300764320    103839930
 49      5123328 -0.2732 -2.5358  133135.2  132105.8       0.0    300815615    103891409
 49      5123520 -0.1884 -0.5042  133715.3  131289.6       0.0    301019548    103891392
 49      5123530 -0.6155 -0.7942  133011.7  131426.7       0.0    319826993    103944501
 49      5123598 -1.2480  0.1251  134028.5  128712.9       0.0    301092474    103873812
 49      5123675 -1.0273  1.7909  134357.2  131288.7       0.0    301174833    104002533
 49      5123753 -1.3011  0.4214  134285.5  133141.3       0.0    301273987    119970032
 49      5124158  1.5295  2.8422  131172.4  133255.2       0.0    296786487    119763540
 49      5124333 -0.0953 -0.2020  122939.8  132944.0       0.0    297716638    102583972
 49      5143875 -0.8233  0.7970  131665.5  134001.1       0.0    348733351    119688829
 49      5143890 -0.7929  0.6960  134813.5  134060.8       0.0    348744869    119909251
 49      5144360 -1.0774  0.5054  132300.9  134784.9       0.0    349294309    119769092
 49      5144568 -0.6059  0.7330  128979.5  134386.2       0.0    344325447    118942822
 49      5144694 -0.3448 -1.1534  122186.7  133811.7       0.0    345003133    118346564
 49      5144701 -0.3682  0.7754  122118.9  133751.3       0.0    366945423    118363532
 49      5305363  1.7357 -1.6099  131208.3  115508.6       0.0    245147772     78034324
 49      5305734  1.5140 -0.2980  133806.8  116092.0       0.0    260544638     78210854
 49      5306159  0.9970 -0.3622  130394.1  116194.6       0.0    240941437     77242033
 49      5306172  1.0895 -0.0533  127585.0  116795.9       0.0    255658035     76960977
 49      5306221  0.7864 -0.5469  121730.4  118268.4       0.0    255988339     76599596
 49      5324599  0.6424  1.0872  132823.5  119214.9       0.0    247037753     77395337
 49      5324806 -0.0088  0.6227  134802.1  119952.6       0.0    262321583     77431251
 49      5324861 -0.1727 -0.9788  132644.0  118698.7       0.0    247312653     77620836
 49      5324921 -0.3106 -0.2211  132059.3  121473.8       0.0    247408755     77479269
 49      5325226  0.9250  0.9261  134169.4  118545.2       0.0    262941809     77453115
 49      5325231 -2.2753 -1.5147  132129.0  118270.1       0.0    247828367     77911812
 49      5325267 -0.7582  0.3593  126753.4  119450.2       0.0    242451643     76301340
 49      5325361 -1.3593 -0.2449  130692.9  119410.8       0.0    243084476     76522974
 49      5325502  0.2103  0.9563  124455.3  120712.6       0.0    258856851     76015798
 49      5343580 -0.5300  0.2577  134573.6  127105.4       0.0    299046123     93936574
 49      5343626 -1.2764 -0.0375  133463.0  124507.6       0.0    317764226     93763525
 49      5343635 -1.6823 -1.2203  134626.7  124561.1       0.0    299112225     93923780
 49      5343818  0.4041 -0.1744  134496.3  124054.4       0.0    299293876     93826793
 49      5343965 -0.0411 -0.7918  132014.0  128154.2       0.0    299489359     93676024
 49      5344156 -1.3118 -1.0915  134363.1  125841.5       0.0    318382788     93912571
 49      5344327 -0.0615  0.1971  128788.8  127483.9       0.0    313118748     92867452
 49      5344342 -0.8739 -0.9276  127746.3  126737.5       0.0    313205368     92840765
 49      5344372  1.8815  0.1507  129088.2  125845.4       0.0    313389204     92952941
 49      5344459 -1.5164  1.7330  124342.2  125098.8       0.0    314061322     92575715
 49      5356434 -0.8550  0.5903  131512.4  131680.4       0.0    300692214     94258096
 49      5356447 -0.6657 -0.4372  133403.9  131641.9       0.0    300706122     94278214
 49      5356533  0.0510  0.6360  131915.3  132086.1       0.0    319595845     94314418
 49      5356605  0.0097  0.3662  131566.7  129625.4       0.0    319673496     94341954
 49      5356740 -1.9514  0.2560  133273.4  131177.0       0.0    301019755     94435752
 49      5356787 -1.3792 -2.3774  134450.0  128626.5       0.0    319903508     93887849
 49      5356931  0.3564  0.0693  132634.7  131508.5       0.0    320123248     94435715
 49      5356988  0.2043 -1.7625  132558.6  129147.7       0.0    320193648     94401768
 49      5357128  0.6353  0.7080  134403.0  128378.8       0.0    320402438     94574758
 49      5357239 -0.2403  0.6913  127795.9  131167.5       0.0    296668877     93515859
 49      5357584 -1.8887 -1.4467  123051.6  133382.8       0.0    366764593     93212156
 49      5523507  0.0379  6.0418  131349.9  116713.2       0.0    139412469     33032275
 49      5523652 -1.5933  2.7188  131921.6  115383.3       0.0     83526347     33062753
 49      5533961  0.5171 -0.3606  131722.6  119244.7       0.0     83975354     32784373
 49      5534009 -0.3794 -2.6468  133185.9  121050.4       0.0     84004271     32780204
 49      5534041  2.7559 -0.7818  131788.0  118431.2       0.0     84026844     32901512
 49      5534211 -0.4401  0.2452  132070.6  123004.8       0.0    140667532     32853989
 49      5534222  0.2353  0.4623  133699.8  123043.9       0.0     84143925     32856500
 49      5534290 -0.0912  0.4131  133643.7  122064.2       0.0     84197271     32792424
 49      5534299  1.5775  2.1171  132707.7  122424.7       0.0    140780205     32768773
 49      5534318 -0.3781 -3.0308  134368.1  120838.6       0.0    140797465     32837354
 49      5536340  0.2172 -3.7913  131474.7  126538.1       0.0    170353210     40088819
 49      5543764  1.0294  1.4973  133792.0  131272.2       0.0    102801987     40416606
 49      5543811  1.1646 -1.0929  134190.3  133092.5       0.0    171792518     40411108
 49      5561217 -0.1539  0.7076  133603.1  134615.7       0.0    348688039    108777878
 49      5561267  0.5026 -0.5713  131862.1  133959.7       0.0    348736955    108799309
 49      5561882  0.0093 -0.8606  131173.6  134786.8       0.0    344467958    108049625
 49      5561892  1.1068  0.1050  131233.9  133514.8       0.0    366397064    108784426
 49      5748151  3.0554 -1.9457  134705.9  116252.0       0.0     83423440     63615034
 49      5748460  0.8745  0.3778  133784.7  117337.8       0.0     83557525     63543224
 49      5768780  3.3724 -1.3663  133753.2  118210.4       0.0    140470588     63374669
 49      5768820 -2.6960  2.7028  134450.1  118775.1       0.0    140495803     63078080
 49      5769040 -0.4964 -1.7113  132445.0  122376.2       0.0    140639563     63054376
 49      5769170 -0.4588 -3.1247  131948.8  119326.6       0.0    140735459     62904819
 49      5769233  5.0090  1.9249  134496.3  122236.9       0.0     84197359     62994587
 49      5769353  2.1758 -3.4566  134446.7  118267.4       0.0    140850058     63496261
 49      5769365 -1.0002  2.6139  132711.5  118590.7       0.0     84249166     63032947
 49      5806339  0.0280  1.0103  132006.5  134223.7       0.0    199776675     47025224
 49      5806403 -0.0201  6.0879  134630.6  134675.7       0.0    119200355     47023069
 49      5806617  0.4696 -0.0480  132935.6  134136.9       0.0    119353698     47009456
 49      5972129 -0.3579  3.3779  134957.5  128184.1       0.0    170345208     77441788
 49      5972307 -0.3555  4.4799  133029.9  126105.0       0.0    170450771     76920945
 49      5972327 -0.0954 -3.5147  134591.4  125895.4       0.0    170458394     77014291
 49      5972680 -1.8189 -3.3106  134030.6  127691.4       0.0    170697409     76885552
 49      5972741 -0.6496  0.8326  132525.9  125731.3       0.0    170734327     77115998
 49      5972784 -0.5148  4.2039  132224.3  124289.4       0.0    170757214     77071950
 49      5972873  0.4414 -1.9372  133799.2  125835.1       0.0    102273791     77076184
 49      5972897 -1.6813  1.9499  133662.1  124787.3       0.0    170839081     76896111
 49      5972905 -0.2951 -2.2792  134021.0  124483.7       0.0    102289665     77000533
 49      5972980  3.0198  5.7268  131232.6  126322.0       0.0    100582658     76987513
 49      5992618 -0.2090 -0.4540  131633.2  129732.7       0.0    102699480     77469817
 49      5992812 -0.3808 -2.2336  132726.0  128795.7       0.0    171674983     77676440
 49      5993034 -0.8951  0.2320  132733.3  131858.2       0.0    171804027     77592932
 49      5993269  0.3769 -0.8049  132684.6  128444.4       0.0    102936702     77676163
 49      5993313  0.9593  0.2166  131202.8  130468.9       0.0    169078091     77421462
 49      6012955  0.4652  1.4239  133627.2  134100.3       0.0    119157870     90183315
 49      6013120  0.2416  0.6234  134909.2  133418.7       0.0    199882095     90234585
 49      6013337  1.1916  1.4032  134131.4  134899.2       0.0    119272785     90286285
 49      6013719  0.3560  0.5958  134584.5  133423.4       0.0    200237130     90234606
