 48      2431576  0.5838  0.4755  126175.0  124971.3       0.0
 48      2431581  1.0761 -0.4735  125880.5  124690.1       0.0
 48      2431615  0.2013  1.8002  126333.4  123448.6       0.0
 48      2431796 -0.2764 -1.9585  129047.2  120118.0       0.0
 48      2431809  2.1002 -0.3383  126379.7  120728.8       0.0
 48      2431822  0.7701 -0.6215  129660.5  120713.9       0.0
 48      2431880  0.0793  1.1100  129360.2  123277.0       0.0
 48      2431902  0.7024  0.1355  126388.4  120631.5       0.0
 48      2432015 -0.2923  0.7487  128571.3  124969.1       0.0
 48      2432117 -0.0625  0.8503  128818.3  123816.7       0.0
 48      2432201  0.0152  0.2589  129985.5  120058.7       0.0
 48      2432205  0.5917  1.8707  130245.8  120444.0       0.0
 48      2432239  1.4517  1.0878  122856.5  124731.7       0.0
 48      2432251  0.7391  0.9801  124526.2  124776.6       0.0
 48      2432285  0.0463  0.2044  120729.5  122068.2       0.0
 48      2432318  0.1576 -2.0130  121175.5  120825.9       0.0
 48      2432338  0.6188  0.9381  124440.2  121004.2       0.0
 48      2432358  1.0458 -1.5001  122640.5  123719.0       0.0
 48      2432474  0.7991 -1.5970  122291.5  120775.2       0.0
 48      2432514 -0.3254  0.2337  120749.6  123137.3       0.0
 48      2432526  0.2234  0.8712  122831.9  123033.6       0.0
 48      2432568 -1.2999  0.9152  123910.7  124483.5       0.0
 48      2432590 -0.0987 -1.3628  123429.3  120794.5       0.0
 48      2432608 -0.5735 -0.3819  121984.9  121650.8       0.0
 48      2432628  0.6071 -0.8712  123438.1  121709.2       0.0
 48      2432637 -1.1842  0.6346  124955.3  121896.0       0.0
 48      2432673  1.4323  0.0964  125051.7  123216.6       0.0
 48      2432715 -0.2641 -0.8010  125422.4  124359.0       0.0
 48      2432718 -0.1317  2.4266  125226.2  124319.1       0.0
 48      2432739  0.7073  0.6016  123516.5  124890.4       0.0
 48      2432862 -0.3749 -0.2825  123268.3  123709.6       0.0
 48      2432868 -0.1160 -1.1442  121797.2  123959.1       0.0
 48      2432873  0.2484 -1.9485  124706.6  122736.4       0.0
 48      2432922  1.7748  1.8176  124877.5  120353.7       0.0
 48      2432928  0.3222  1.0633  123814.6  120358.4       0.0
 48      2432936  0.2473  1.1991  121809.6  120372.9       0.0
 48      2432970  0.4504 -1.0287  119143.1  124718.0       0.0
 48      2432990  0.2564  0.7923  117561.1  123618.2       0.0
 48      2433001  2.0340  0.9186  115840.0  122107.5       0.0
 48      2433008 -0.8139 -1.8857  117616.1  122093.1       0.0
 48      2433114  0.2664  0.6077  119477.1  122878.8       0.0
 48      2433133 -0.3483  2.3963  117666.4  121704.7       0.0
 48      2433143 -0.0605 -0.6136  118865.4  121662.0       0.0
 48      2433173  1.0686 -0.2418  117609.5  120398.2       0.0
 48      2433199 -1.0037  2.4494  117906.4  120788.3       0.0
 48      2433214  0.0248  0.2476  117293.8  121858.5       0.0
 48      2433274 -0.6079 -0.6827  117697.7  124392.8       0.0
 48      2433317  0.0791  1.0127  120229.2  120694.1       0.0
 48      2433329 -0.0249  1.0287  116480.5  122094.1       0.0
 48      2433342  0.0131  0.6260  118304.6  121752.4       0.0
 48      2433398  0.4632  2.1248  118555.4  124584.6       0.0
 48      2433441  0.8664  0.7386  118797.9  123471.0       0.0
 48      2433443 -0.7412  2.1590  118431.4  123670.6       0.0
 48      2433444 -1.0586 -1.0817  118364.2  123617.0       0.0
 48      2433463 -1.1671  0.1106  118801.2  122241.8       0.0
 48      2433517 -0.0233 -0.8822  118342.9  123801.4       0.0
 48      2433549 -1.0638 -0.2643  118813.4  122530.2       0.0
 48      2433593  0.6773 -1.2616  119815.4  120373.1       0.0
 48      2433594  1.2754 -1.3058  119881.8  119973.7       0.0
 48      2434081 -0.1207 -1.3452  115340.4  123173.9       0.0
 48      2454380  0.2801  1.1028  125725.6  127399.4       0.0
 48      2454450 -0.6352  0.1809  127248.9  128976.3       0.0
 48      2454479 -0.6404  0.4895  127703.0  127754.5       0.0
 48      2454582  0.0552  1.9801  127665.7  126824.6       0.0
 48      2454614 -0.7794  1.4683  127738.9  128109.6       0.0
 48      2454615  0.9760  0.9388  127428.1  128153.8       0.0
 48      2454629 -1.2478  1.2628  128987.9  128181.4       0.0
 48      2454786  1.0977  0.4051  127121.8  129421.8       0.0
 48      2454822 -0.4793 -0.7524  128426.9  129803.7       0.0
 48      2454827 -0.6804 -0.2070  128327.8  129891.3       0.0
 48      2454927 -0.2515  0.0538  130011.8  128881.5       0.0
 48      2455020  0.0937 -1.2872  128246.2  125404.7       0.0
 48      2455085 -1.3871  0.0614  122447.4  128546.1       0.0
 48      2455103  0.5310 -0.6715  120855.1  127138.6       0.0
 48      2455125  0.2455  0.5717  124216.4  127449.9       0.0
 48      2455175  0.1799  0.7085  122924.9  128996.2       0.0
 48      2455233  1.7787  0.9474  120847.0  126346.8       0.0
 48      2455313  0.2203 -1.4245  122783.4  126936.0       0.0
 48      2455324 -0.4106 -1.9405  120815.9  128000.7       0.0
 48      2455484 -0.1251 -1.3277  123433.9  129497.3       0.0
 48      2455506  0.2778  0.8242  121402.7  129964.0       0.0
 48      2455520  1.1168  1.3755  123656.7  129805.0       0.0
 48      2455522 -0.1105  0.4011  125311.0  129717.6       0.0
 48      2455532 -0.1417  0.6691  121947.4  128564.0       0.0
 48      2455593 -0.2299  0.8304  122099.5  126184.6       0.0
 48      2455626 -0.8130 -1.0129  124668.4  129092.8       0.0
 48      2455652 -1.0534  0.1614  123778.0  127892.9       0.0
 48      2455673  1.0837  0.9090  123415.9  126527.9       0.0
 48      2455745 -0.1048  1.2095  117555.2  129729.6       0.0
 48      2455854  0.9260 -0.9193  118906.4  128908.5       0.0
 48      2455878 -0.6133  0.8721  117521.0  127733.0       0.0
 48      2455932  0.0158  0.4920  115474.5  125272.9       0.0
 48      2455939  0.6201 -1.1709  116050.8  125085.0       0.0
 48      2455953 -0.3373 -1.4031  117207.0  125120.0       0.0
 48      2455991 -0.8088 -1.1240  117608.3  126767.2       0.0
 48      2456032 -0.8150 -0.7695  119188.0  128230.8       0.0
 48      2456033  0.1777 -1.2082  119316.3  127995.4       0.0
 48      2456146  1.0727  0.9650  120090.6  128022.3       0.0
 48      2456188 -0.0401  0.8252  116977.8  129819.2       0.0
 48      2456270  1.8901  0.2251  119793.6  127130.4       0.0
 48      2456332 -2.0830  0.5843  116840.1  129161.8       0.0
 48      2456375 -0.1144  1.2298  120363.9  126637.9       0.0
 48      2456416 -0.6609  1.3518  118404.4  125203.8       0.0
 48      2456418  0.5985 -0.2191  116777.8  125167.3       0.0
 48      2456420  0.2992  1.4162  116757.2  125188.8       0.0
 48      2477098 -0.9632 -0.1729  127741.0  134885.7       0.0
 48      2477134 -1.1984  1.2279  125492.3  132322.3       0.0
 48      2477190  1.5492  1.5715  125955.9  133969.9       0.0
 48      2477235  0.6076  0.7437  127412.1  132841.2       0.0
 48      2477279 -0.0857  0.2170  129654.9  131331.4       0.0
 48      2477319 -0.3533 -1.3581  127576.2  130423.9       0.0
 48      2477405 -0.0982 -1.5326  127773.1  134303.2       0.0
 48      2477457  0.3251  1.7180  128756.4  131828.2       0.0
 48      2477490 -0.0018  1.6519  128853.7  133393.6       0.0
 48      2477497  0.2258 -0.8944  128074.9  133098.8       0.0
 48      2477514 -0.2307 -1.0091  130356.5  133129.3       0.0
 48      2477538 -0.8015 -1.0812  130310.8  134150.5       0.0
 48      2477636  1.9448 -2.2241  128536.4  132353.8       0.0
 48      2477738 -1.7246  1.0334  126668.6  132663.6       0.0
 48      2477739 -0.8419  1.1268  126496.9  132950.6       0.0
 48      2477809  0.7464  1.0236  124351.5  134734.5       0.0
 48      2477814 -0.9549 -0.0558  120812.1  133394.8       0.0
 48      2477816 -0.5590  0.3027  120490.2  133727.2       0.0
 48      2477869 -0.5024 -2.1104  121008.8  130944.9       0.0
 48      2477962  0.5994 -1.6174  120982.1  131534.3       0.0
 48      2477963 -1.7169 -0.5967  120455.9  131496.4       0.0
 48      2478004  1.0452 -0.0399  122947.9  130259.0       0.0
 48      2478015  0.1713 -2.1282  122595.4  130024.5       0.0
 48      2478051 -2.0926  1.3825  120523.6  132118.1       0.0
 48      2478108 -0.2281 -1.9783  124326.9  133126.1       0.0
 48      2478140  0.6709 -0.1688  121702.0  130528.5       0.0
 48      2478186 -0.0655  0.0384  124886.2  131708.4       0.0
 48      2478197 -0.0489 -0.4242  122180.9  132937.2       0.0
 48      2478232  0.5707  0.8384  122059.1  134569.6       0.0
 48      2478387  0.5032 -2.1926  123682.3  133719.2       0.0
 48      2478405 -0.6244 -0.0535  125229.0  132796.3       0.0
 48      2478445  1.5916  0.4132  124757.5  131534.5       0.0
 48      2478459 -0.4999 -1.8764  121302.9  131583.2       0.0
 48      2478621 -0.0542 -0.3044  119387.7  130919.2       0.0
 48      2478724 -1.5828  1.8296  117706.1  130280.6       0.0
 48      2478765 -0.5572 -1.1336  115854.3  132012.6       0.0
 48      2478811  0.9327  0.9963  117680.9  134373.0       0.0
 48      2478823  0.1528 -1.2678  116400.0  130608.8       0.0
 48      2478923 -0.3692  1.3148  116727.2  134211.2       0.0
 48      2478929  0.6615  1.5117  118053.5  134262.8       0.0
 48      2478941  0.7236 -0.9317  118168.1  134212.0       0.0
 48      2478943 -1.1897  0.5141  118487.3  134560.5       0.0
 48      2479034  0.0122 -1.0317  117114.1  131125.6       0.0
 48      2479040  0.4630 -0.4169  118665.0  130848.3       0.0
 48      2479064 -0.3068 -1.4219  119873.7  134006.0       0.0
 48      2479074  0.3483 -1.7875  118584.5  134049.1       0.0
 48      2479655 -0.1169  0.2542  115251.1  134511.5       0.0
 48      2660712 -0.5499 -2.0773  127171.9  122186.7       0.0
 48      2660722 -1.6508 -0.6528  127324.5  122104.9       0.0
 48      2660772  0.3293  0.8984  129200.7  123924.8       0.0
 48      2660854  0.0975 -0.6086  127478.2  120246.3       0.0
 48      2660882 -1.3579  1.5315  129263.6  120904.4       0.0
 48      2660904 -1.3089  1.2035  127720.9  121885.0       0.0
 48      2660914 -0.8043  1.2809  129426.9  121785.2       0.0
 48      2660999 -0.2540 -0.7290  130595.1  121881.5       0.0
 48      2661025  1.4717  0.6994  130133.4  123292.8       0.0
 48      2661047  0.3234 -0.1878  128752.3  124320.7       0.0
 48      2661066 -0.0994 -2.1464  128323.8  124896.2       0.0
 48      2661092  0.7656  0.3635  126737.0  123442.4       0.0
 48      2661109  1.2129  2.4935  129984.5  123656.1       0.0
 48      2661214  0.0975 -2.3587  130512.6  121396.1       0.0
 48      2661255 -0.8353 -0.2313  128340.0  120223.2       0.0
 48      2661288 -0.2917 -2.2226  122895.8  124850.6       0.0
 48      2661345 -0.0533  1.2979  122883.8  122152.7       0.0
 48      2661371  1.5143  0.7623  122943.1  120902.4       0.0
 48      2661458 -0.1974  1.4392  122235.3  121603.6       0.0
 48      2661525  0.2337  1.2781  121039.6  122023.3       0.0
 48      2661564  0.9828  0.7874  121025.6  124514.7       0.0
 48      2661595  1.1899 -0.4059  123144.5  120682.1       0.0
 48      2661642 -1.4939 -0.8094  123766.2  123318.7       0.0
 48      2661667  0.7556 -0.0812  121857.0  124552.8       0.0
 48      2661736 -1.9209 -2.9907  121669.7  123468.2       0.0
 48      2662005  0.3194  0.5122  115921.1  120964.9       0.0
 48      2662028 -0.0872 -1.0851  117527.8  120909.4       0.0
 48      2662119  0.5758 -0.5739  116161.4  120504.7       0.0
 48      2662165  0.2843  2.4030  117883.2  121770.3       0.0
 48      2662179  0.4590  0.6980  115885.2  123000.8       0.0
 48      2662190  0.0958  0.2871  119073.2  123281.1       0.0
 48      2662195 -1.3615  0.8828  118971.6  123105.2       0.0
 48      2662261  0.0042  0.8834  116539.8  121945.8       0.0
 48      2662324  0.8776  1.4441  117160.0  124611.6       0.0
 48      2662333  0.5911 -0.6007  118595.8  124210.7       0.0
 48      2662352  0.6746  2.1099  116521.5  124776.9       0.0
 48      2662366  0.5743 -2.0114  119960.4  124724.7       0.0
 48      2662374  0.0270 -1.4840  116622.4  123607.2       0.0
 48      2662384  0.7657 -1.2528  119768.7  123358.1       0.0
 48      2662511 -0.3161 -0.4996  120046.5  121371.6       0.0
 48      2662969 -1.6880 -0.3532  115161.4  124957.9       0.0
 48      2680475  2.1093  1.3650  126140.5  129872.2       0.0
 48      2680530  0.8008 -2.0327  125658.7  127131.0       0.0
 48      2680536  0.4080  0.0943  127399.9  127315.5       0.0
 48      2680676 -0.7324 -0.9294  126022.2  126730.6       0.0
 48      2680703  0.0924  2.1385  127687.7  128059.1       0.0
 48      2680717  0.3915  1.3632  129291.1  128218.8       0.0
 48      2680830 -1.6653  1.0802  130134.9  128354.8       0.0
 48      2680834 -1.2426  0.4449  126582.8  129289.9       0.0
 48      2680835 -0.4672  1.4509  126926.7  129312.9       0.0
 48      2680900  2.0962  0.2787  129847.6  129908.6       0.0
 48      2680931  0.1551 -0.8603  126603.5  127170.0       0.0
 48      2680946 -2.2065  0.0272  128330.5  127256.5       0.0
 48      2680950 -0.3586 -0.7062  130044.9  127177.1       0.0
 48      2680971 -0.5287 -0.9724  128420.0  126083.8       0.0
 48      2680998 -0.4486  2.2139  126644.4  128986.9       0.0
 48      2681018  0.2147  1.1244  126468.8  127774.4       0.0
 48      2681141  0.6043  0.7635  124620.1  127486.8       0.0
 48      2681148 -0.7054 -0.1543  121219.1  125874.2       0.0
 48      2681149 -1.0234 -2.3083  120994.5  125878.6       0.0
 48      2681186  0.1208  0.8627  124114.2  128878.9       0.0
 48      2681248 -0.0892 -0.6098  121026.4  125023.0       0.0
 48      2681328  0.1100  0.6632  124333.9  126894.9       0.0
 48      2681336 -1.6403 -0.2556  120798.5  128220.1       0.0
 48      2681438 -0.2456  1.0459  124904.8  128276.9       0.0
 48      2681513 -0.3012  0.1040  125263.9  128459.0       0.0
 48      2681534  0.8346  0.4749  125257.5  127292.9       0.0
 48      2681598  1.3951 -2.1069  121792.1  127529.1       0.0
 48      2681613  0.4241  0.9852  124849.0  126714.7       0.0
 48      2681629 -0.0199 -0.2229  122154.1  126533.2       0.0
 48      2681675  1.4543  1.1583  115617.7  129618.9       0.0
 48      2681680  0.3056  0.4130  117290.4  129944.9       0.0
 48      2681684  0.0449  1.5711  117382.6  129633.1       0.0
 48      2681722  0.2021 -0.1004  119581.4  128305.5       0.0
 48      2681754  1.0640  1.2966  116368.2  126207.4       0.0
 48      2681766 -2.0980 -1.9292  117870.1  125912.8       0.0
 48      2681783 -0.8097  1.1820  115855.1  129043.4       0.0
 48      2681817  1.7747 -1.2575  119083.4  127524.1       0.0
 48      2681827 -0.0230 -0.4943  115723.0  126224.0       0.0
 48      2681838 -0.8430  0.0522  117839.9  126399.8       0.0
 48      2681856  0.8180 -1.7382  116054.9  125092.2       0.0
 48      2681914 -0.3380  1.5798  119203.2  127016.6       0.0
 48      2681936 -0.3724 -1.3942  118864.7  127902.6       0.0
 48      2682069  1.7679 -0.9301  116903.8  129653.7       0.0
 48      2682166 -0.7089  1.2270  120382.0  128873.9       0.0
 48      2682260 -0.9036 -0.1969  118411.0  125041.3       0.0
 48      2682262 -0.7288  0.1146  116910.0  125263.7       0.0
 48      2682605  0.2225 -0.4655  115501.0  125597.2       0.0
 48      2682709 -0.6202  0.2722  115418.9  129994.0       0.0
 48      2682785 -1.1881  1.9929  115056.7  126109.2       0.0
 48      2682791 -0.8452  0.6820  115294.8  126133.5       0.0
 48      2682825  1.9966 -0.3300  115276.8  127575.0       0.0
 48      2700450  0.4129  0.4307  127552.0  134800.6       0.0
 48      2700455 -0.7148  0.8018  129487.3  134840.8       0.0
 48      2700464 -0.5144  0.4304  125691.5  133447.5       0.0
 48      2700514 -0.8798 -0.2149  126156.4  130996.7       0.0
 48      2700517  0.7154  0.8470  125636.0  131222.2       0.0
 48      2700531  0.1816 -0.2016  127266.9  130839.1       0.0
 48      2700711 -0.3025 -0.4772  127953.3  133013.3       0.0
 48      2700746  0.1425 -1.6395  126630.3  130493.3       0.0
 48      2700780  0.6276  1.8152  130259.3  132056.9       0.0
 48      2700793 -0.8599 -1.6926  127082.5  133256.0       0.0
 48      2700842 -0.7499  0.2682  126990.9  134908.4       0.0
 48      2700845  0.9895  0.1442  126338.8  134866.7       0.0
 48      2700863 -1.8053  0.0507  129952.7  134820.2       0.0
 48      2700876 -1.0306  1.1496  128025.0  133488.5       0.0
 48      2700901  0.4305 -2.9136  126555.9  132086.9       0.0
 48      2700914 -0.1161 -0.9142  129649.7  132404.6       0.0
 48      2701082  0.1909 -1.1971  122247.0  133612.4       0.0
 48      2701122  0.9691 -0.7376  121098.8  130876.4       0.0
 48      2701311 -1.3826 -0.8405  120838.6  134199.9       0.0
 48      2701351 -0.0656  1.1311  123180.0  130485.9       0.0
 48      2701440  0.0633  1.1865  123830.4  134917.4       0.0
 48      2701472  0.3851  1.1526  123578.6  133684.8       0.0
 48      2701560  2.2779  1.7095  121862.8  134112.4       0.0
 48      2701594 -0.2572  0.9522  125064.1  131315.4       0.0
 48      2701653 -0.6247 -1.0680  121965.3  130116.2       0.0
 48      2701663  0.6673  0.5055  115489.0  134635.3       0.0
 48      2701683 -0.1808 -0.2088  115783.7  133649.5       0.0
 48      2701687  0.5814  0.3423  115929.0  133415.5       0.0
 48      2701694  1.1066 -1.2369  118002.0  133356.8       0.0
 48      2701704  0.5366 -0.8185  119039.3  133626.9       0.0
 48      2701759 -2.3810 -1.5822  118969.9  130823.7       0.0
 48      2701794 -1.0258 -0.1140  119343.6  133945.8       0.0
 48      2701827  0.6498  1.0842  115692.3  131502.6       0.0
 48      2701835  1.0751 -0.4875  117769.6  131348.0       0.0
 48      2701841  0.0474  1.4705  119196.7  131364.4       0.0
 48      2701956  0.2499 -0.6936  119081.1  132943.7       0.0
 48      2701962  0.0832 -0.0018  117689.7  134243.3       0.0
 48      2701966  1.0967 -2.1559  117938.1  134464.6       0.0
 48      2702053  0.7849  1.6962  119800.1  133172.2       0.0
 48      2702070  0.8279 -0.8747  118351.0  134426.4       0.0
 48      2702128 -0.8584 -2.3157  120132.3  133313.0       0.0
 48      2702131 -1.5041 -0.3546  120108.2  133403.0       0.0
 48      2702145 -2.3321  0.3656  118039.6  132323.0       0.0
 48      2702254 -1.2082 -0.6368  120370.0  130183.3       0.0
 48      2702720  1.5080  0.7313  115058.0  134361.6       0.0
 48      2849862  0.7561  1.1373  117115.1  115017.9       0.0
 48      2860103  0.5879 -0.8854  125623.2  119589.7       0.0
 48      2860123 -0.2443 -1.0805  129293.8  119692.6       0.0
 48      2860168  0.2609  0.8577  125769.4  117455.6       0.0
 48      2860296  1.8097  1.5117  125761.2  116599.4       0.0
 48      2860311  1.1570 -0.7972  129422.4  116386.3       0.0
 48      2860317  0.1024 -0.3619  126287.0  115083.4       0.0
 48      2860376 -0.4486  1.2621  126143.5  116994.6       0.0
 48      2860379 -0.6178  1.6044  125701.3  116820.7       0.0
 48      2860385 -0.0071  0.2385  127695.5  116909.0       0.0
 48      2860452  0.2671 -0.5415  127002.4  115720.1       0.0
 48      2860634 -0.1778 -0.7235  126619.0  117277.1       0.0
 48      2860659  0.4412  0.9493  130293.5  117314.9       0.0
 48      2860676 -0.3058 -0.4260  130468.5  116191.8       0.0
 48      2860724 -0.9196 -0.7161  127088.3  117540.7       0.0
 48      2860725  0.6560 -0.4952  127076.2  117581.7       0.0
 48      2860788  0.8818  0.2855  120516.8  119817.0       0.0
 48      2860796 -0.0802  0.9472  123043.8  119772.3       0.0
 48      2860825 -0.3317 -0.6960  122419.0  118409.3       0.0
 48      2860835  1.4065 -0.4145  124137.5  118370.5       0.0
 48      2860871  1.1581  1.7223  120765.4  116114.2       0.0
 48      2860878  0.8014  0.9217  122692.4  116246.8       0.0
 48      2860914  0.0944  0.9612  122887.5  119082.8       0.0
 48      2860932 -0.2332 -0.0682  120615.0  117744.4       0.0
 48      2860965 -0.3343 -1.8081  120895.5  116411.5       0.0
 48      2860971 -2.3189  0.8732  122341.7  116318.7       0.0
 48      2861025  0.6245 -0.6864  121038.3  115725.6       0.0
 48      2861048 -0.6260 -0.9132  122477.4  116705.6       0.0
 48      2861049  0.9353 -1.2869  122801.2  116878.3       0.0
 48      2861061  0.2841 -1.2257  120942.1  117936.6       0.0
 48      2861069  1.6531  0.7761  120965.9  118008.9       0.0
 48      2861105 -0.7829  1.6553  124031.4  119301.6       0.0
 48      2861221 -0.2438  0.6548  121743.8  119404.6       0.0
 48      2861262 -0.8346  0.8548  123554.5  119705.6       0.0
 48      2861311 -0.4464 -0.5816  123563.1  117249.4       0.0
 48      2861352  0.0998  0.3162  123885.1  115947.7       0.0
 48      2861397 -0.2031 -1.1578  123798.4  118697.7       0.0
 48      2861398  0.7198 -0.3862  123323.5  118833.9       0.0
 48      2861529 -0.2933  0.5239  115913.1  118367.8       0.0
 48      2861624 -0.6422 -1.1471  115902.2  118725.2       0.0
 48      2861713  0.5625 -0.1931  115808.5  115112.8       0.0
 48      2861737  0.0532  0.7672  119289.9  115332.5       0.0
 48      2861744  0.1827 -0.6390  117305.5  115776.0       0.0
 48      2861871  0.1943 -0.5434  120373.2  115586.3       0.0
 48      2861879 -0.6506 -0.7224  116817.6  116812.8       0.0
 48      2861932 -0.9148 -1.0938  117085.7  119372.8       0.0
 48      2861984 -1.3362  1.3647  120014.4  119694.0       0.0
 48      2862042 -1.1384  0.6986  116987.4  117402.1       0.0
 48      2862076 -0.2718  0.7767  118466.0  116166.4       0.0
 48      2862093 -0.2910 -0.7698  120206.8  118962.9       0.0
 48      2862141  0.2426 -0.1628  118036.3  117766.9       0.0
 48      2862162  0.4832 -0.5019  118565.0  116446.1       0.0
 48      2862193  0.6462 -0.2704  118290.8  115339.1       0.0
 48      2874837 -2.5221 -0.8819  127614.5  124910.5       0.0
 48      2874883  2.6970 -0.3965  125716.0  120995.5       0.0
 48      2874890  0.7661  3.7042  129572.0  121128.2       0.0
 48      2874921  1.5596  0.7934  126151.4  122953.8       0.0
 48      2874929 -0.6594 -1.2708  127414.0  122801.5       0.0
 48      2875007 -0.7705 -2.2073  127415.6  122892.0       0.0
 48      2875031 -0.2928  0.6702  126591.2  120683.1       0.0
 48      2875073 -0.7678  0.5546  130404.6  123070.0       0.0
 48      2875122  1.2010  2.8730  130041.2  123461.5       0.0
 48      2875135 -0.2905  1.1677  128360.7  122406.9       0.0
 48      2875180 -3.2487  1.2227  126292.8  124065.5       0.0
 48      2875195 -0.5870  1.5295  126911.5  122598.1       0.0
 48      2875268 -0.4455  3.8861  122176.9  123432.5       0.0
 48      2875274  0.6021 -1.8305  124555.5  123390.4       0.0
 48      2875279  0.1988  0.6238  124580.6  123553.5       0.0
 48      2875321 -1.6041  1.0359  124638.9  121335.8       0.0
 48      2875349 -2.8861  0.6898  120414.4  122803.7       0.0
 48      2875402  0.2273 -6.0688  124632.5  120444.8       0.0
 48      2875505 -1.1934 -1.9988  123560.8  122841.4       0.0
 48      2875601 -0.3476  0.2750  125137.8  121113.1       0.0
 48      2875607 -1.3683 -0.7586  123110.0  124069.2       0.0
 48      2875617  0.5772  2.8782  121972.0  124201.6       0.0
 48      2875706 -0.6743  2.0506  115706.2  122390.6       0.0
 48      2875714 -1.7581 -6.0080  117538.6  122064.0       0.0
 48      2875751  2.6615  0.5241  116104.5  123800.5       0.0
 48      2875761  1.3557  3.9777  118058.8  123967.2       0.0
 48      2875814  0.0558  0.9077  115550.2  120159.5       0.0
 48      2875851  0.7547 -3.2355  119690.5  123126.1       0.0
 48      2875853  2.1810 -0.5022  119564.8  123052.5       0.0
 48      2875875 -0.6784 -2.7011  118005.5  120344.1       0.0
 48      2875905 -0.9570 -4.0692  120245.5  121726.0       0.0
 48      2875928  2.5131 -2.2989  120523.0  123145.3       0.0
 48      2875930  0.3145  5.7191  116406.5  124596.0       0.0
 48      2875985 -0.9112 -2.7531  118637.4  122260.3       0.0
 48      2876010  1.0211 -2.7132  116971.2  123782.6       0.0
 48      2876027  0.7606  4.2430  118151.8  122982.5       0.0
 48      2885263  0.8241 -1.7257  125975.6  128336.4       0.0
 48      2885286  0.3591 -4.7861  125933.4  127035.1       0.0
 48      2885308 -0.2128 -3.5215  128933.9  126033.0       0.0
 48      2885424  2.0672  2.6875  127770.0  129579.4       0.0
 48      2885446 -3.4160  2.1973  129935.2  125762.8       0.0
 48      2885479 -4.8626  0.2522  128536.5  128235.9       0.0
 48      2885507 -0.4024 -0.0037  126675.4  129838.6       0.0
 48      2885510  1.0903  0.1038  127105.4  129650.2       0.0
 48      2885569  0.2760 -0.7310  126914.5  126064.8       0.0
 48      2885665 -2.4027 -0.1756  124141.0  128313.3       0.0
 48      2885708  0.3222 -2.5147  123840.1  128987.9       0.0
 48      2885714  3.9559  3.2175  121378.3  127959.5       0.0
 48      2885725  0.8479  4.5297  124061.8  128003.8       0.0
 48      2885730 -0.1943 -1.5556  120978.0  126448.4       0.0
 48      2885836  0.1706 -0.8766  123484.6  125689.5       0.0
 48      2885863 -0.7425 -4.9480  123796.0  126747.4       0.0
 48      2885989  1.1002  3.4504  123113.7  129142.3       0.0
 48      2885991 -0.9221  1.6281  122973.4  128863.0       0.0
 48      2886037 -1.8816  4.0897  115924.2  130084.0       0.0
 48      2886072 -0.3876 -3.0227  115899.3  127129.8       0.0
 48      2886093 -2.4976  2.4460  117448.0  126046.5       0.0
 48      2886147  3.5315 -1.2564  116303.9  126313.8       0.0
 48      2886324  0.5256  1.9937  116890.4  128596.2       0.0
 48      2886353  2.7109  0.0839  118387.2  127410.5       0.0
 48      2886427  0.5781  4.7808  116307.5  125526.9       0.0
 48      2886428 -0.2704 -2.7404  116781.1  124932.1       0.0
 48      2886743 -0.0960  1.9639  115057.9  127404.0       0.0
 48      2886762  1.9326  2.8690  115240.1  126134.3       0.0
 48      2895656 -3.4821  0.3033  128941.9  132480.8       0.0
 48      2895663 -0.5814  2.7883  127864.0  131185.7       0.0
 48      2895674  3.5112  2.4358  129102.8  131093.2       0.0
 48      2895724 -0.0527  4.0700  125516.1  131704.5       0.0
 48      2895731 -0.2393  1.9636  127900.9  131568.3       0.0
 48      2895771 -0.3126  2.0823  127221.7  130813.1       0.0
 48      2895783  0.4095 -2.9630  126201.9  131661.4       0.0
 48      2895805  3.0495 -0.2814  127539.7  132979.3       0.0
 48      2895832  0.9020 -3.4089  128174.0  130633.0       0.0
 48      2895854  0.3869 -0.3752  128441.4  131785.9       0.0
 48      2895970  0.5891  2.8348  128458.3  133823.3       0.0
 48      2895982 -0.0393 -1.4574  130548.3  132492.2       0.0
 48      2896034 -1.2630  3.8077  122295.8  133444.5       0.0
 48      2896054 -0.5897  1.2340  121023.4  132290.2       0.0
 48      2896065  0.6577  3.4300  124547.5  132196.5       0.0
 48      2896075 -1.6082  0.8613  122601.4  131089.8       0.0
 48      2896192  0.3996  4.7786  124508.8  132115.5       0.0
 48      2896242  0.7787  0.3767  125366.6  132028.4       0.0
 48      2896248  1.3646  0.5542  125134.0  131954.7       0.0
 48      2896270  0.1157 -3.7767  123761.5  134150.4       0.0
 48      2896360 -0.6836 -4.4434  123123.1  132395.2       0.0
 48      2896420 -1.8800  3.9763  116171.0  133699.6       0.0
 48      2896424  1.4643  0.2324  117469.2  133659.1       0.0
 48      2896486 -2.6298  2.1765  117762.4  132905.8       0.0
 48      2896509  0.4522  0.1018  115533.2  130022.1       0.0
 48      2896554  0.2741 -3.6588  117979.4  131846.8       0.0
 48      2896576  0.3878 -1.5022  119552.1  133231.6       0.0
 48      2896580  1.2832 -0.9909  116359.9  134457.9       0.0
 48      2896642 -0.9244  0.4798  118775.4  134603.3       0.0
 48      2896728  0.6793 -1.2041  117066.6  133801.0       0.0
 48      2896743 -0.4025 -0.6486  118326.2  131621.3       0.0
 48      2896967 -0.7416 -1.6050  115347.9  130544.2       0.0
 48      2897128 -0.2202  1.0403  115020.7  130362.3       0.0
 48      3082290  0.2511 -2.2587  127845.8  117198.4       0.0
 48      3082327 -0.6042  0.3780  129052.6  116017.6       0.0
 48      3082464  0.1379 -1.1330  129388.9  115566.4       0.0
 48      3082487 -0.3731  1.6784  129227.0  117126.6       0.0
 48      3082541  0.3291 -0.9883  127211.1  115629.8       0.0
 48      3082545  0.0562 -1.6940  128089.3  115682.1       0.0
 48      3082587 -0.1358  1.6115  126520.0  118068.2       0.0
 48      3082612 -1.1009  0.4552  126544.1  119344.4       0.0
 48      3082697  0.7592  0.3895  128770.2  117428.0       0.0
 48      3082886  0.0016 -1.1320  124146.4  118555.3       0.0
 48      3082915 -1.0544  1.9443  120489.8  116108.9       0.0
 48      3082968  1.0928  1.0284  122837.1  119007.0       0.0
 48      3083044  2.3203 -0.0716  124611.6  115351.9       0.0
 48      3083111  2.7242 -0.4271  122515.2  117924.5       0.0
 48      3083136  1.8083  0.2142  120845.3  119285.4       0.0
 48      3083224  0.8381  0.8792  123533.7  118064.9       0.0
 48      3083239  0.8411 -0.6132  121531.0  119518.2       0.0
 48      3083252 -0.9605  0.7788  121344.4  119642.6       0.0
 48      3083266  0.0315  0.4404  125571.3  119683.7       0.0
 48      3083272  0.9652  0.5516  124866.4  119624.9       0.0
 48      3083310 -0.5499 -0.6208  123398.1  117425.5       0.0
 48      3083327 -1.8642  0.8516  125287.0  117194.6       0.0
 48      3083334  0.1258 -0.8980  122009.9  116014.5       0.0
 48      3083342  0.0689 -0.9911  121790.4  115929.5       0.0
 48      3083404  1.7700  1.9310  121975.3  117609.4       0.0
 48      3083412  0.5576  1.0440  125032.5  116603.7       0.0
 48      3083465 -0.3737  1.3685  115521.2  119687.4       0.0
 48      3083535 -0.7095  0.3722  116144.3  116105.3       0.0
 48      3083559 -0.0715 -1.2233  119401.6  116083.5       0.0
 48      3083584  0.5035  1.6741  119193.7  119108.9       0.0
 48      3083594  1.1289  0.6959  116300.6  117848.0       0.0
 48      3083672  0.7589  0.7680  116202.1  115665.4       0.0
 48      3083691 -0.2951  1.2233  119478.9  115669.5       0.0
 48      3083845 -0.4630  1.1250  118712.7  118320.5       0.0
 48      3083935  0.4428  0.8885  116782.6  117186.2       0.0
 48      3084019 -0.7062 -2.2476  118513.8  117550.7       0.0
 48      3084059 -0.0781  0.6846  116292.3  116494.1       0.0
 48      3084082 -0.2092 -1.5675  116530.8  115242.9       0.0
 48      3102060  1.2121  0.6213  115901.3  123653.8       0.0
 48      3102066 -0.4435 -2.4818  115780.1  123427.7       0.0
 48      3102068  0.4102 -1.8877  115537.1  123212.6       0.0
 48      3102124  0.9325  2.4664  118894.9  122511.2       0.0
 48      3102205  0.0651  2.9832  119330.1  123922.0       0.0
 48      3102227  1.2396  6.1599  115778.5  122761.1       0.0
 48      3102298  0.1974  0.5040  117472.0  120414.2       0.0
 48      3102330 -4.7737  0.5395  117300.7  120564.3       0.0
 48      3102427  0.0406  0.5713  116397.8  120792.7       0.0
 48      3102428  2.1745  4.3014  117121.2  120791.7       0.0
 48      3102472  0.5897 -1.2277  118456.7  121848.3       0.0
 48      3102498  0.4922 -2.1896  119736.4  121778.3       0.0
 48      3102546 -0.7350  0.5524  116468.1  124276.3       0.0
 48      3102562  1.7559 -0.0215  118492.1  124498.0       0.0
 48      3102636 -0.7929 -0.3441  116902.5  122261.4       0.0
 48      3102661  3.4455 -0.9800  118945.5  122195.0       0.0
 48      3102666  1.2887  1.8625  120088.0  122208.0       0.0
 48      3102687 -0.1264  3.3061  118870.8  121335.2       0.0
 48      3102713 -0.2503  1.6806  116708.3  123932.9       0.0
 48      3103353  0.2347 -1.0629  115376.7  123097.1       0.0
 48      3103475  0.1086  0.4155  115209.8  122187.9       0.0
 48      3103552 -0.4463  0.1501  115133.9  122901.8       0.0
 48      3122342  2.3419 -0.8944  116628.2  125200.8       0.0
 48      3311309  0.5833 -6.3813  128931.1  124400.9       0.0
 48      3311320 -2.7481 -4.0487  125936.5  123478.3       0.0
 48      3311352  1.2382 -1.3656  129649.1  123295.4       0.0
 48      3311413 -1.2332  4.2872  125753.1  121370.0       0.0
 48      3311417 -2.4874 -0.8386  125975.5  120902.0       0.0
 48      3311427  0.3197 -3.7775  127716.5  120829.4       0.0
 48      3311440 -2.3977 -0.6398  129256.9  120974.9       0.0
 48      3311478  2.3588  2.1934  126008.0  122871.4       0.0
 48      3311524  2.4688 -0.1697  125949.4  121497.9       0.0
 48      3311544 -2.2892 -2.3213  129397.4  121526.6       0.0
 48      3311564 -3.0711  1.6309  127217.8  120354.0       0.0
 48      3311575  0.6598  1.4050  127686.6  120102.1       0.0
 48      3311674 -0.1294 -1.9795  129166.3  122932.6       0.0
 48      3311677  0.4898 -0.9289  129153.1  123019.9       0.0
 48      3311688  0.0544  0.6619  125584.8  124360.0       0.0
 48      3311693  0.3475 -1.4404  127953.7  124453.9       0.0
 48      3311790 -0.1660 -1.3685  130262.2  121659.6       0.0
 48      3311878  0.1528 -1.1729  130090.7  124205.8       0.0
 48      3311901  1.5613  5.4789  128624.4  125186.9       0.0
 48      3311916 -0.1985  0.9170  130118.2  124760.7       0.0
 48      3311921  0.1778  4.7838  130422.3  125063.6       0.0
 48      3311925 -0.8857 -3.8857  126551.2  123474.8       0.0
 48      3311956 -1.1904 -3.0899  128754.2  122223.1       0.0
 48      3312005 -2.4678 -0.5181  128485.1  120930.2       0.0
 48      3312022  1.1926  2.8441  130159.3  124011.5       0.0
 48      3312031  1.1734  5.0420  128381.2  123899.6       0.0
 48      3312053 -4.5910 -2.2341  129844.8  122613.1       0.0
 48      3312081  0.1421 -2.4189  126636.8  122516.9       0.0
 48      3312160  5.1430  3.4578  121328.0  124747.9       0.0
 48      3312166 -0.3907  2.9979  122801.4  125017.2       0.0
 48      3312237 -0.2448 -1.6235  121079.8  122052.9       0.0
 48      3312263 -0.2875  0.2661  124166.2  122204.0       0.0
 48      3312332  0.6072  5.3181  122971.2  124042.0       0.0
 48      3312341 -1.7748 -4.2991  124349.3  123878.5       0.0
 48      3312355  2.4722 -0.1318  124186.8  123861.4       0.0
 48      3312385 -0.7003  3.2779  124558.0  123091.0       0.0
 48      3312401 -0.7123 -2.0096  120856.3  121203.6       0.0
 48      3312402  0.9874  2.9068  121035.3  121652.3       0.0
 48      3312446 -2.5427 -1.8654  122692.4  120187.1       0.0
 48      3312447  1.2774  1.0748  122407.7  120107.7       0.0
 48      3312466 -1.3341  6.4356  124380.0  120398.8       0.0
 48      3312523  1.2613  3.6540  122343.9  122992.3       0.0
 48      3312581 -0.0512  2.1540  121657.0  120784.3       0.0
 48      3312589  0.1703 -1.8198  122029.2  120637.8       0.0
 48      3312653 -0.5065  0.4222  124821.2  122023.3       0.0
 48      3312685  1.7002  1.9200  125620.6  123261.3       0.0
 48      3312708  1.0013  0.8753  121458.0  124316.2       0.0
 48      3312717  2.9245  2.6414  123448.0  124532.2       0.0
 48      3312737  1.1023  0.6001  125094.8  124453.3       0.0
 48      3312793  0.9071 -5.9047  121912.5  123398.3       0.0
 48      3312816  0.8879  1.1674  121650.9  122362.9       0.0
 48      3312857 -0.6463  2.5477  123827.9  121246.4       0.0
 48      3312859 -0.7136 -3.4639  123800.2  121200.6       0.0
 48      3312958  0.0837 -2.1947  123174.1  121528.2       0.0
 48      3312964  2.4807 -1.5226  122200.1  121520.9       0.0
 48      3313057  0.3724  3.7383  119702.2  124485.3       0.0
 48      3313068  0.3512  0.5614  120608.5  121933.4       0.0
 48      3313083  0.6254  4.5073  119939.7  124524.9       0.0
 48      3313106  0.4059  1.7135  120598.9  121369.0       0.0
 48      3313122 -0.6627 -4.5343  119904.4  119944.4       0.0
 48      3313128 -0.0679  0.6432  118642.9  120072.8       0.0
 48      3314409  0.0398 -0.7360  125606.1  129534.9       0.0
 48      3314451 -0.3921  2.1236  125571.4  128366.8       0.0
 48      3314488  0.9398 -1.3421  129736.0  128706.5       0.0
 48      3314502  1.6533  0.0274  126079.4  127431.4       0.0
 48      3314530  2.3245 -0.2807  129690.2  127250.1       0.0
 48      3314537  2.9276  1.8549  126233.4  125916.8       0.0
 48      3314546 -1.2842 -1.0599  126186.3  126040.1       0.0
 48      3314564  0.4216  1.5933  129694.1  126383.0       0.0
 48      3314571  0.0871 -3.7592  129365.8  125985.8       0.0
 48      3314591 -1.1220 -3.1507  127776.6  128642.2       0.0
 48      3314674  3.6792 -1.3481  127717.0  126353.7       0.0
 48      3314687  1.8730 -1.2848  129579.6  126626.9       0.0
 48      3314723 -0.5124  0.3340  127958.4  125373.3       0.0
 48      3314746  0.4049  1.1647  127890.4  125896.1       0.0
 48      3314844 -1.1906 -1.6595  129119.3  129420.2       0.0
 48      3314913  1.3869 -0.7510  128770.7  126861.0       0.0
 48      3314952 -0.5986  1.9899  128317.0  128206.9       0.0
 48      3314964  0.7790  0.8552  126383.9  129474.5       0.0
 48      3315070  0.2552 -0.6148  127004.2  127307.9       0.0
 48      3315096  0.6439 -1.1262  129722.5  127227.0       0.0
 48      3315121  0.3788  3.6261  128764.3  126071.4       0.0
 48      3315163 -1.3046  0.7279  128025.1  128785.1       0.0
 48      3315168 -0.3518 -2.9674  126672.5  128864.6       0.0
 48      3315169  2.6129 -2.8811  126969.8  128842.9       0.0
 48      3315171  0.7239 -2.1850  126905.1  129112.7       0.0
 48      3315279  0.3549  3.4966  126420.0  125302.7       0.0
 48      3315285 -1.7120 -5.5674  120871.5  129619.7       0.0
 48      3315293 -0.5175 -3.9272  121022.3  129542.7       0.0
 48      3315313  0.4559  1.8326  124012.4  129884.5       0.0
 48      3315342 -4.8930  1.2669  122600.6  128661.9       0.0
 48      3315366 -0.2308 -0.8437  123930.8  128670.3       0.0
 48      3315392  0.2696  0.5211  122474.7  127239.7       0.0
 48      3315405 -0.3258 -0.5752  123869.2  127150.4       0.0
 48      3315501  1.4199 -2.6707  122610.5  127508.3       0.0
 48      3315513 -0.8322 -2.4089  121146.9  126302.4       0.0
 48      3315520 -3.3768 -1.9136  121016.1  126625.8       0.0
 48      3315529  0.6031 -1.1874  122456.8  126518.0       0.0
 48      3315548  0.5395 -1.9660  123995.8  126361.3       0.0
 48      3315567  2.8116 -4.0016  122986.4  124924.4       0.0
 48      3315616 -0.5966 -0.3341  120903.1  126740.5       0.0
 48      3315631  0.3449  4.4803  122564.9  127257.1       0.0
 48      3315696 -1.2453 -0.4087  123934.1  129383.3       0.0
 48      3315703  1.1573 -3.4967  121483.9  125624.6       0.0
 48      3315796 -0.4562 -4.6040  123149.0  128064.0       0.0
 48      3315811  0.2434  1.5665  125047.2  128205.5       0.0
 48      3315845  1.3659 -0.8035  123377.5  129346.6       0.0
 48      3315892 -0.0285  0.7828  124720.6  129698.4       0.0
 48      3315927  0.4481  0.7882  125026.6  128539.6       0.0
 48      3315957  0.5464  4.4648  123851.6  127623.2       0.0
 48      3315965 -2.1303  0.1285  123497.8  127125.0       0.0
 48      3315995 -2.1551  2.2032  125250.1  126032.2       0.0
 48      3316059  1.3893  2.9306  121872.4  127849.0       0.0
 48      3316085 -1.0310  1.5046  124835.3  126716.2       0.0
 48      3316114  1.1548  1.1246  122086.5  126734.0       0.0
 48      3316127  0.5940 -5.1294  123042.5  125304.6       0.0
 48      3316198  0.6021 -2.7267  115700.8  128393.6       0.0
 48      3316385 -5.2058  4.7000  117137.8  126423.3       0.0
 48      3316396 -0.7240 -1.2913  119605.0  126365.8       0.0
 48      3316400 -2.5412 -0.5132  119354.2  126587.6       0.0
 48      3316596 -3.5439  1.3531  116379.7  128342.4       0.0
 48      3316613  1.3104 -0.7793  119904.4  127901.2       0.0
 48      3316652 -1.5642  0.1907  120268.8  129535.6       0.0
 48      3316714 -3.2749  0.0431  120330.1  129812.6       0.0
 48      3316730 -0.1445  1.7755  118822.5  128402.6       0.0
 48      3316869  1.9320  3.8662  118730.0  127645.7       0.0
 48      3316880  0.9743  2.7363  116937.7  127889.6       0.0
 48      3316924 -1.3725  0.2542  120272.7  125317.5       0.0
 48      3317376 -1.5885  2.7643  115217.7  125760.2       0.0
 48      3317463 -0.9758 -6.0929  115515.6  127803.2       0.0
 48      3317506 -2.8117  1.0097  115266.9  129422.5       0.0
 48      3317602 -0.2941 -0.3679  115124.0  127331.9       0.0
 48      3317728 -4.1675  1.3795  115144.5  126397.1       0.0
 48      3317730  3.6808  1.5597  115484.4  126587.4       0.0
 48      3336345 -2.6630 -1.7317  127757.5  130846.7       0.0
 48      3336458 -0.0157  3.6245  127851.8  131775.5       0.0
 48      3336464 -0.3762 -2.5001  127664.3  131415.4       0.0
 48      3336551  1.6754  0.3086  126121.4  132025.0       0.0
 48      3336603  0.5430 -0.4278  129317.1  133250.6       0.0
 48      3336619 -0.5128  1.0278  127341.0  134503.0       0.0
 48      3336626 -2.5348 -4.5179  127365.5  134343.3       0.0
 48      3336652  1.5722 -3.1052  128448.9  130701.4       0.0
 48      3336656 -0.8135 -1.0234  128245.7  130605.0       0.0
 48      3336720  0.2178 -5.3373  130039.7  131680.0       0.0
 48      3336724 -1.6336 -2.8301  126234.9  133160.0       0.0
 48      3336753 -4.8477  0.7012  128595.6  133355.0       0.0
 48      3336763 -5.3163  0.4522  129658.8  133227.1       0.0
 48      3336767 -3.0275 -1.2722  130167.3  133072.0       0.0
 48      3336774 -0.0317  2.2838  129722.8  133311.7       0.0
 48      3336809 -3.3669 -1.7430  126240.5  134563.4       0.0
 48      3336820  1.0631  1.0051  126580.6  134732.0       0.0
 48      3336845  0.3244  1.3465  130443.5  134802.6       0.0
 48      3336894 -1.5117  1.1877  128737.1  132612.8       0.0
 48      3336933 -3.7156  0.0491  127937.1  130997.2       0.0
 48      3336949  0.3831 -0.1926  129882.6  134140.9       0.0
 48      3337127 -0.8099 -2.9229  122616.6  133409.8       0.0
 48      3337130  2.1454 -5.1825  122789.4  133345.0       0.0
 48      3337175  1.9264  4.1692  121349.3  131348.0       0.0
 48      3337177 -3.0181  1.7684  121049.8  131299.6       0.0
 48      3337209 -0.7457 -0.8423  124604.6  131058.2       0.0
 48      3337245  1.4478  1.4497  122814.6  133835.3       0.0
 48      3337262 -0.4875  2.8741  120546.5  132894.7       0.0
 48      3337268  0.3174 -1.8844  120451.1  132418.7       0.0
 48      3337317 -0.3098  0.3736  124342.8  131266.4       0.0
 48      3337321  0.2471  4.1527  124317.8  131832.6       0.0
 48      3337348  0.6261  5.1825  122378.5  130383.9       0.0
 48      3337406 -0.1508 -4.3590  122763.4  131734.2       0.0
 48      3337442  0.9034  0.9345  122959.7  133284.8       0.0
 48      3337568 -2.0983  0.9206  121862.2  133055.6       0.0
 48      3337573  1.4155  2.3854  121433.1  133008.8       0.0
 48      3337748 -1.3832  2.4616  123407.0  130987.3       0.0
 48      3337761 -0.5026 -3.5087  124880.0  131093.4       0.0
 48      3337772 -4.9685  0.6314  124822.5  131098.1       0.0
 48      3337789 -0.5668  2.3385  124684.8  133939.8       0.0
 48      3337824 -0.9726  5.4258  125091.4  132863.1       0.0
 48      3337968 -0.3386  0.5279  117967.3  133631.3       0.0
 48      3337977 -0.6989 -5.6195  118963.4  133372.6       0.0
 48      3338055  0.2322  3.2583  117324.2  131342.9       0.0
 48      3338057 -0.3226 -0.4243  119229.5  130983.5       0.0
 48      3338192  0.1795  3.9852  117706.2  130255.3       0.0
 48      3338202 -0.3076  6.8369  117277.1  130477.4       0.0
 48      3338231 -3.7084  0.1392  117703.2  130724.2       0.0
 48      3338284 -0.2886  1.1168  119489.0  133283.6       0.0
 48      3338406 -0.0051  2.2126  118080.9  133275.7       0.0
 48      3338407  0.9141 -0.3505  118069.1  133216.0       0.0
 48      3338439  0.3006  2.0363  118853.0  134501.6       0.0
 48      3338488  0.1556 -0.8929  119967.6  134836.2       0.0
 48      3338538  0.6026 -4.6224  116831.9  132120.4       0.0
 48      3338642 -1.3427  2.5451  117962.5  132884.2       0.0
 48      3338720 -1.9695 -4.2823  119970.0  129923.2       0.0
 48      3338737  1.3588 -2.4596  118597.2  129976.9       0.0
 48      3339271 -0.6261 -0.9213  115424.6  131994.3       0.0
 48      3339404 -0.1599  1.1178  115217.0  134702.3       0.0
 48      3339565 -0.6748 -1.9482  115162.3  132587.8       0.0
 48      3526756 -2.7301 -0.8193  129141.9  119994.0       0.0
 48      3526761  0.4227  2.0550  125656.1  118630.6       0.0
 48      3526773 -3.1530 -0.6592  125772.6  117190.4       0.0
 48      3526776  0.3644 -0.3964  129121.6  117197.7       0.0
 48      3526800 -1.6620 -1.5195  127365.2  115811.4       0.0
 48      3526906 -1.6069 -1.7603  127430.2  116978.9       0.0
 48      3526921 -2.1213  2.0423  126003.2  118246.0       0.0
 48      3527058 -1.0022 -0.3223  128282.2  117195.0       0.0
 48      3527074  0.5024  3.8151  128933.2  116478.1       0.0
 48      3527075  6.3319  2.3956  129019.7  116120.6       0.0
 48      3527082 -4.8838  3.7004  129929.4  118873.2       0.0
 48      3527177 -0.0859  0.8784  120804.6  118441.0       0.0
 48      3527194  5.7992 -2.8177  121572.1  117135.4       0.0
 48      3527253  4.4072 -5.5623  121390.4  116386.6       0.0
 48      3527326 -0.7035 -2.8405  120927.7  119130.1       0.0
 48      3527334 -0.8900  2.4825  122549.4  119508.6       0.0
 48      3527381  0.2665 -0.6910  124803.2  116989.2       0.0
 48      3527466  1.2817  1.0628  123599.8  117166.3       0.0
 48      3527487 -0.3292 -1.5605  123558.4  116144.5       0.0
 48      3527505 -0.9270  2.8090  123585.0  118774.6       0.0
 48      3527525 -3.5882 -5.6367  121528.2  117493.3       0.0
 48      3527528  1.2054 -1.7599  124842.6  116342.3       0.0
 48      3527570  0.3403 -4.9788  119635.9  119626.4       0.0
 48      3527580  0.3221  0.2469  117995.6  118392.2       0.0
 48      3527717  1.5491  5.3578  119680.6  118153.0       0.0
 48      3527800  0.0433 -1.9453  120330.6  119180.6       0.0
 48      3527920 -0.1512 -1.0251  118813.9  115139.6       0.0
 48      3528121  0.7490 -3.0878  115666.2  115616.7       0.0
 48      3538644 -0.6633 -1.2430  132976.3  119351.1       0.0
 48      3538657  0.2123 -0.8098  134329.0  119272.2       0.0
 48      3538686 -0.1716 -0.2150  134661.9  117956.9       0.0
 48      3538704 -0.5311  1.4995  130693.9  116743.4       0.0
 48      3538813 -0.9633  1.0705  134072.3  118233.4       0.0
 48      3538826 -1.7310 -1.2972  130678.2  119671.5       0.0
 48      3538832 -0.6404  0.4366  132938.5  119648.2       0.0
 48      3538909  0.6227 -1.0108  131758.1  118555.6       0.0
 48      3538946 -0.1998 -0.1594  131642.7  119517.6       0.0
 48      3538958 -1.0902 -0.7177  133223.1  119721.7       0.0
 48      3538977 -0.2440 -0.8003  131906.7  119935.6       0.0
 48      3539061  0.2801 -0.3936  133592.4  116339.9       0.0
 48      3539100 -0.1488 -0.9373  131834.0  119266.3       0.0
 48      3539112 -0.2221  1.3036  133863.4  117933.2       0.0
 48      3539296 -1.0797 -0.0402  124670.2  117397.9       0.0
 48      3539357  0.2018  0.3084  123351.3  119132.8       0.0
 48      3554769  0.0420  0.0902  132914.6  123931.3       0.0
 48      3554807 -0.7724  1.0440  132265.4  122435.6       0.0
 48      3554956  0.6577 -1.9151  131154.0  122000.2       0.0
 48      3554964 -0.0396  1.5344  132823.9  121999.5       0.0
 48      3555028 -1.0040  0.8952  133999.8  124471.4       0.0
 48      3555072  0.1653 -0.8666  132002.3  122036.6       0.0
 48      3555113  0.5147 -1.4202  133860.3  123217.8       0.0
 48      3555144  0.1915 -1.7028  133700.6  124405.1       0.0
 48      3555316  1.6467 -0.5475  133835.3  123107.1       0.0
 48      3555317  0.1464  1.8363  133384.9  123157.0       0.0
 48      3555348  0.0744  1.6252  133843.5  121921.1       0.0
 48      3555412  0.1909 -0.2495  127644.0  122947.2       0.0
 48      3555486 -0.3762 -1.9235  122648.5  122982.3       0.0
 48      3555532  0.3264  0.8484  125636.5  124943.1       0.0
 48      3570950  1.0515 -1.1733  132664.3  126474.6       0.0
 48      3570956  0.7029  1.0214  133167.1  126139.7       0.0
 48      3570980 -0.7591  0.9307  131138.5  129426.9       0.0
 48      3571041  0.5150 -1.3899  131090.0  126863.3       0.0
 48      3571124 -0.4159 -0.4857  132615.4  127025.9       0.0
 48      3571143  0.0841 -1.6976  130817.9  128281.4       0.0
 48      3571150  1.2328 -1.0201  132887.7  128418.0       0.0
 48      3571173 -1.3682 -0.1132  133078.1  129712.5       0.0
 48      3571175 -0.1164 -1.0633  132513.2  129676.3       0.0
 48      3571222 -0.3820 -0.5371  131518.5  127103.1       0.0
 48      3571299  0.6999 -2.0446  131665.8  129796.6       0.0
 48      3571345 -1.2677 -2.0041  131780.7  128869.5       0.0
 48      3571348  0.6918  1.9218  132006.8  128993.3       0.0
 48      3571376  0.2187 -0.5306  133698.2  127473.0       0.0
 48      3571462 -0.2701  0.2465  131929.8  128062.1       0.0
 48      3571507  0.0594  1.0373  132016.3  126883.0       0.0
 48      3571530 -0.3515  0.6936  131811.3  125519.1       0.0
 48      3571557 -0.9010  0.1902  127468.7  128126.9       0.0
 48      3571560 -0.0716  0.2882  129229.2  127969.2       0.0
 48      3571590  0.7814 -0.5715  130495.7  127197.9       0.0
 48      3587274  0.8204  0.6408  130809.2  134975.2       0.0
 48      3587290 -0.0380  0.0797  134458.4  134955.1       0.0
 48      3587475 -0.0685 -0.7021  134382.2  131807.9       0.0
 48      3587481  0.7330 -1.3829  130640.6  130249.6       0.0
 48      3587483 -0.4110  0.8577  131024.0  130298.9       0.0
 48      3587547  0.4311 -1.7451  131234.1  132100.9       0.0
 48      3587604 -0.7129  2.0822  133105.5  134696.0       0.0
 48      3587656 -1.0300  0.4552  133642.0  132187.4       0.0
 48      3587660  0.0290 -0.9099  134932.4  132310.4       0.0
 48      3587758 -1.2788  0.4082  132232.3  133684.5       0.0
 48      3587762 -0.9974  0.4530  131958.8  133756.2       0.0
 48      3587812  0.7358 -0.1966  131542.3  131125.9       0.0
 48      3587820 -0.8256  0.3922  133735.7  131378.9       0.0
 48      3587893 -1.7088  2.1420  133885.6  131931.6       0.0
 48      3588025 -1.7596 -0.0273  128701.0  133102.1       0.0
 48      3588068  2.1994 -1.6611  125674.7  132039.2       0.0
 48      3720051  1.9650  2.2162  120562.1  115033.8       0.0
 48      3740979 -5.2407  1.9282  129423.1  118664.6       0.0
 48      3740984 -3.1889 -1.8742  129375.7  118387.2       0.0
 48      3740993  0.0745 -0.3798  125563.4  117320.1       0.0
 48      3741017  2.9233 -5.2314  129265.5  117190.7       0.0
 48      3741041 -0.2882 -2.5377  127734.2  115853.3       0.0
 48      3741057  1.0155  1.6292  125760.1  119210.9       0.0
 48      3741132 -1.6500 -4.6996  126069.6  116094.5       0.0
 48      3741148 -1.3044  1.8054  127767.2  116441.7       0.0
 48      3741261 -0.1498 -0.6565  127388.2  116850.5       0.0
 48      3741318  0.1602 -4.5340  127777.2  119066.6       0.0
 48      3741327 -0.1479  2.4785  129281.5  119576.9       0.0
 48      3741376  3.2695 -2.9433  126812.4  116572.6       0.0
 48      3741452 -0.7612  3.8852  126310.9  119512.6       0.0
 48      3741528 -0.2716 -3.7114  130501.0  118288.4       0.0
 48      3741557 -0.2659  0.2770  128797.7  117460.0       0.0
 48      3741558 -0.7338 -4.3151  128667.3  117122.6       0.0
 48      3741577  1.0769 -0.0139  130185.3  117104.5       0.0
 48      3741581  0.4654  2.9729  126941.2  116145.3       0.0
 48      3741658 -0.1426  3.5289  126653.2  118976.1       0.0
 48      3741709  1.1458 -1.9470  129774.9  116374.7       0.0
 48      3741737  0.7303  2.3229  126733.8  116464.7       0.0
 48      3741784 -1.3739  4.2777  122570.5  119966.8       0.0
 48      3741823  2.6344  0.6206  120680.3  118622.0       0.0
 48      3741836 -1.2291 -2.6120  122830.1  118426.4       0.0
 48      3741865 -1.0128  3.3223  122478.6  117381.1       0.0
 48      3741890  3.4398 -5.7474  120700.9  115716.0       0.0
 48      3742004 -0.3402 -3.0920  121266.8  116405.4       0.0
 48      3742026 -0.6467 -4.6305  123963.1  116324.6       0.0
 48      3742229 -0.3622 -0.5906  125085.5  115700.4       0.0
 48      3742291 -0.5659  3.4943  121740.1  118247.7       0.0
 48      3742377  0.1000  1.0030  123525.4  119621.2       0.0
 48      3742444  2.4749 -2.5765  121512.2  117196.8       0.0
 48      3742473  0.8957 -2.8415  123183.8  115913.4       0.0
 48      3742517 -0.1537  3.4611  121395.1  119004.9       0.0
 48      3742523  1.0005  1.0737  125387.4  117632.0       0.0
 48      3742526 -0.8183  3.5567  125212.5  117690.5       0.0
 48      3742594  0.5403  0.7810  123143.6  115204.1       0.0
 48      3742689  0.0612  0.7502  116148.7  117194.9       0.0
 48      3742701 -0.9060 -1.1318  117525.2  117146.4       0.0
 48      3742762  0.2482  3.0162  119107.3  116216.1       0.0
 48      3742840 -0.3834 -0.5420  119408.0  117627.2       0.0
 48      3742857  0.7462 -1.0780  115892.3  116600.3       0.0
 48      3742870 -1.3220  1.9003  117961.6  116538.4       0.0
 48      3742890  0.2640 -0.6466  119707.8  116674.7       0.0
 48      3742926 -3.1109 -0.7006  118968.3  115332.3       0.0
 48      3742996  0.4207  0.8589  117300.2  118081.5       0.0
 48      3743037  2.7254  0.3360  119415.2  119426.8       0.0
 48      3743073 -0.5761 -0.1807  118158.7  115617.5       0.0
 48      3743078  0.0845  3.0022  120351.0  115959.3       0.0
 48      3743185 -1.7101  0.8660  116727.2  119554.9       0.0
 48      3743190  1.0661  0.9393  116420.9  119376.1       0.0
 48      3743200 -1.0912  1.0547  118226.2  119536.0       0.0
 48      3743210 -0.5000  0.0761  119844.2  119301.5       0.0
 48      3743212 -1.9416  1.7414  120495.7  119572.9       0.0
 48      3743218  1.4380  2.6847  120267.7  119649.5       0.0
 48      3743236 -1.9798  3.4353  116397.7  120057.8       0.0
 48      3743248 -0.5848 -1.3129  116327.1  119927.3       0.0
 48      3743262  2.6573  2.4096  118441.9  119900.6       0.0
 48      3743306  1.7593 -0.9762  120067.8  118694.7       0.0
 48      3743336 -0.7256 -2.9110  118732.0  117177.2       0.0
 48      3743347 -0.2361  3.0161  119775.2  117223.0       0.0
 48      3743427  0.0846  1.5160  120068.3  117680.9       0.0
 48      3743458 -0.6480 -0.3817  116900.4  117552.4       0.0
 48      3753494 -0.0273 -0.1881  130932.3  120073.7       0.0
 48      3753518  0.2775  1.3724  133961.6  119895.6       0.0
 48      3753528  1.0331  0.2279  130742.4  118760.7       0.0
 48      3753552  0.0250 -0.3042  134578.2  118918.0       0.0
 48      3753562  0.9280 -1.5816  130705.2  117381.4       0.0
 48      3753563  0.5869  1.6872  131213.5  117506.7       0.0
 48      3753569 -0.1633  0.0279  132549.8  117707.1       0.0
 48      3753614 -2.0775  0.3467  134471.6  116537.5       0.0
 48      3753672 -1.0545  0.4683  133931.3  116855.4       0.0
 48      3753702  0.8311 -1.7716  133978.8  115368.5       0.0
 48      3753718 -1.8517 -1.8469  132920.3  115944.0       0.0
 48      3753784  0.5639 -1.1712  134281.1  118262.7       0.0
 48      3753806 -0.3071  0.8895  131666.3  115962.9       0.0
 48      3754179 -0.2791 -1.0359  129824.2  115961.3       0.0
 48      3754237 -0.5064  0.7435  122766.2  118056.4       0.0
 48      3754240 -0.3649  0.7612  122805.8  116755.6       0.0
 48      3754277 -1.6397 -0.0865  125002.9  116758.1       0.0
 48      3755106  0.8284  0.1072  132935.7  123861.0       0.0
 48      3755158 -0.4525 -0.6410  134206.9  121460.6       0.0
 48      3755183 -0.1856 -1.1484  134553.3  124313.6       0.0
 48      3755190 -0.6671 -1.2849  131126.6  123063.2       0.0
 48      3755202  0.5729  0.1328  132964.3  122843.1       0.0
 48      3755207 -0.5951 -1.4665  133936.7  123046.0       0.0
 48      3755218 -1.0662  0.1848  131063.7  121791.4       0.0
 48      3755234  2.0761  1.8376  131057.0  120582.8       0.0
 48      3755242  0.3801  0.6391  132796.7  120390.9       0.0
 48      3755350 -2.3437 -1.8897  133904.0  120640.8       0.0
 48      3755351  1.8902  0.0938  133393.7  120874.8       0.0
 48      3755453 -0.0149 -1.1501  132214.0  124853.0       0.0
 48      3755484 -0.4190 -1.0057  131837.5  123719.2       0.0
 48      3755488 -0.1705  0.3236  133552.3  123892.2       0.0
 48      3755503  0.5874  0.5748  131916.2  122678.0       0.0
 48      3755525  0.7357 -0.0639  134974.6  122387.4       0.0
 48      3755585 -0.2914 -1.6737  132209.5  122918.8       0.0
 48      3755624 -0.2392  0.7932  134863.3  120494.3       0.0
 48      3755760  0.9608 -0.2456  123678.9  121097.2       0.0
 48      3972451 -0.4313  0.8412  132906.1  115198.1       0.0
 48      3972909 -0.1010  1.9619  133734.4  115167.4       0.0
 48      3982530  1.0748  1.3839  134331.1  117163.2       0.0
 48      3982560  0.8626 -0.8224  131781.0  115710.0       0.0
 48      3982596  2.8119  4.4283  133378.4  118558.5       0.0
 48      3982643  1.8015  2.7053  132234.0  118769.7       0.0
 48      3982654 -0.7461 -2.9557  132090.0  117617.6       0.0
 48      3982691 -2.1472  0.8143  133432.9  119335.6       0.0
 48      3982789 -0.3386  2.7969  122451.5  120032.2       0.0
 48      3982793  1.5848  2.8204  122383.2  119341.1       0.0
 48      4004596  0.1645  2.7205  133065.9  124981.2       0.0
 48      4004689 -4.4733 -0.0349  134194.3  124153.0       0.0
 48      4004694  1.3523 -4.9826  131103.9  122573.2       0.0
 48      4004924 -2.7154  1.4415  133082.3  123907.4       0.0
 48      4004938  4.1735  0.9126  131891.7  122495.8       0.0
 48      4004961  1.6180 -2.8757  131806.1  121326.3       0.0
 48      4004978 -0.3728  0.5067  131444.1  124202.3       0.0
 48      4004989  1.1997  0.4644  134919.4  122867.4       0.0
 48      4005024 -1.5801 -3.0568  134870.0  120346.2       0.0
 48      4005085 -0.0463  0.4706  122823.9  124864.2       0.0
 48      4005093  0.6334  5.5008  122976.2  120977.5       0.0
 48      4005094  5.5097  3.3834  124522.6  121172.7       0.0
 48      4027646 -2.6960  0.0651  132574.2  130115.0       0.0
 48      4027653  1.7182  0.1620  133061.4  130211.4       0.0
 48      4027671 -1.5746  4.4258  131017.3  129028.9       0.0
 48      4027682 -0.7935  0.7662  132542.0  128835.2       0.0
 48      4027729  0.6446 -0.4627  134311.0  127511.6       0.0
 48      4027760 -1.7867  0.0191  132678.4  126499.2       0.0
 48      4027854 -0.9695 -1.7330  132776.3  128063.5       0.0
 48      4027898  1.1807  0.5050  132368.3  126928.6       0.0
 48      4027904 -0.1829  0.3402  134232.6  126689.1       0.0
 48      4027926 -1.2899  1.0993  131241.9  125746.1       0.0
 48      4027933  0.7812 -0.2864  132364.0  125499.6       0.0
 48      4027940  0.2800  2.5186  134636.4  125333.8       0.0
 48      4027942 -0.1496  1.0407  134187.9  125558.6       0.0
 48      4027946  1.5796  2.4510  134818.8  125731.6       0.0
 48      4027979  0.4946 -0.2571  131189.3  127150.1       0.0
 48      4027985 -0.0734 -1.2567  132777.5  126995.5       0.0
 48      4028014  0.7359 -1.0767  132801.6  128411.2       0.0
 48      4028028  1.5183  0.6039  134341.3  128553.6       0.0
 48      4028059 -2.1532 -0.0742  132587.8  129639.2       0.0
 48      4028136  1.1384  0.6854  131586.2  127075.7       0.0
 48      4028160 -0.1601  1.5547  133215.3  127095.4       0.0
 48      4028196 -0.2620 -0.5653  133989.8  128186.6       0.0
 48      4028197 -1.6203  0.1619  133951.4  128443.4       0.0
 48      4028221  0.2531 -3.6954  131763.7  129366.5       0.0
 48      4028257 -0.1519 -1.2560  132079.3  129967.1       0.0
 48      4028263 -0.2289 -0.9049  131853.4  130171.9       0.0
 48      4028328 -0.6885  0.1032  134977.6  128923.0       0.0
 48      4028350  0.1078  1.5509  133542.7  127480.7       0.0
 48      4028359  0.3828 -1.5319  133694.4  127723.4       0.0
 48      4028395  0.4206 -1.0703  133277.6  126455.6       0.0
 48      4028429 -5.0208  4.0929  133448.4  129178.0       0.0
 48      4028542  1.8396  2.4761  133951.3  125722.1       0.0
 48      4028543  0.2192  1.8070  133326.1  125340.5       0.0
 48      4028601 -0.0634 -0.5708  127521.9  129544.6       0.0
 48      4028607  0.3804 -0.9046  126682.3  126070.8       0.0
 48      4028617  0.7233  0.6582  130508.9  127285.3       0.0
 48      4028618  0.7783 -0.5678  130498.6  127196.0       0.0
 48      4028690 -1.2456  0.4015  123102.1  129193.8       0.0
 48      4028768 -0.3571  6.0018  123600.4  126993.3       0.0
 48      4050640  0.5455 -0.8084  132808.5  133795.6       0.0
 48      4050668 -0.3666  0.5771  134002.5  133923.1       0.0
 48      4050740  1.0463  0.2312  131334.9  131218.7       0.0
 48      4050758  0.3972  2.3674  132927.7  131505.5       0.0
 48      4050774  1.7622 -1.1594  134858.0  131335.7       0.0
 48      4050820  1.2359  0.0208  134555.8  134281.5       0.0
 48      4050887  0.5345 -0.1295  134508.3  131750.3       0.0
 48      4050898 -0.5920  0.1596  134394.0  131823.4       0.0
 48      4050967 -0.1907 -0.5042  132563.3  131088.9       0.0
 48      4051324  0.6288  0.4500  131969.5  133847.6       0.0
 48      4051419 -2.4115 -1.3761  131846.9  131402.1       0.0
 48      4051476 -0.2144 -1.3418  133897.7  134230.1       0.0
 48      4051566  2.6251  2.6275  133892.8  130726.2       0.0
 48      4051585  0.5843  0.2468  132241.0  130377.7       0.0
 48      4051783 -0.9213 -0.5291  121775.0  132960.2       0.0
 48      4179790  2.1781 -0.0977  131243.5  115114.0       0.0
 48      4203309  3.7009 -0.6503  134516.9  119852.9       0.0
 48      4203333  0.8618  0.6362  132484.4  118868.9       0.0
 48      4203335  0.5290 -0.9822  132963.4  118787.1       0.0
 48      4203353 -2.1647  0.4837  130817.1  117518.9       0.0
 48      4203390 -0.8201 -2.5887  134654.7  117603.0       0.0
 48      4203399  5.0178  1.5697  131446.7  116579.3       0.0
 48      4203427 -1.7157 -3.0852  133882.2  116233.8       0.0
 48      4203475 -0.7748 -4.0006  131013.5  117770.6       0.0
 48      4203481  1.2024  3.8859  132635.3  118014.2       0.0
 48      4203490 -1.1401 -0.3662  132524.3  118003.4       0.0
 48      4203506 -3.6756 -2.1077  134319.8  118076.2       0.0
 48      4203523  0.1457  1.3910  130997.8  116577.7       0.0
 48      4203557  2.6864 -0.8800  130743.9  115284.6       0.0
 48      4203572  0.6776 -2.6298  132322.8  115206.2       0.0
 48      4203716  0.3912  2.7470  133457.4  115778.0       0.0
 48      4203743  1.6578  0.7221  132114.4  117330.6       0.0
 48      4203813  0.1227  1.9111  133662.8  118493.2       0.0
 48      4203852  2.5811  0.0755  133469.0  119770.1       0.0
 48      4203858 -0.5295 -3.6722  134943.8  119379.4       0.0
 48      4203870 -0.5839  0.4683  133192.4  120219.5       0.0
 48      4203909  0.5823 -3.5587  131808.1  118436.9       0.0
 48      4203915  2.5507  3.4943  133939.4  119027.6       0.0
 48      4203954 -2.5168 -3.2610  133405.4  117569.3       0.0
 48      4203982  1.4066  0.3792  131677.3  116209.1       0.0
 48      4204047  0.2006 -1.6083  132050.1  119147.2       0.0
 48      4204049  4.3356 -1.6121  131622.4  119123.8       0.0
 48      4204125  4.7932 -0.6806  133886.0  116595.1       0.0
 48      4204195 -2.7750 -1.9296  126767.9  116040.4       0.0
 48      4225014 -1.1098 -0.6369  131035.4  124339.0       0.0
 48      4225034  0.6814  1.2860  134047.3  124338.9       0.0
 48      4225043  0.4689 -4.7454  134381.9  124185.5       0.0
 48      4225047  0.3940 -1.2401  134686.6  124240.8       0.0
 48      4225119  0.8855  1.6345  131215.5  120567.6       0.0
 48      4225149 -0.8991 -0.1824  134120.5  120618.0       0.0
 48      4225210  3.3367 -2.9679  134592.4  122086.9       0.0
 48      4225313  1.5049 -5.9655  131933.9  122013.7       0.0
 48      4225394 -0.1458 -5.2038  131988.8  124411.1       0.0
 48      4225403  1.9408 -0.9069  131922.8  124531.5       0.0
 48      4225408  0.3046  3.3409  131696.5  124665.5       0.0
 48      4225457  0.2180  1.8361  133327.1  125339.8       0.0
 48      4225519 -1.3389  0.4564  131844.1  122559.2       0.0
 48      4225523  1.1757  0.6640  133943.4  122753.8       0.0
 48      4225627  0.0845 -0.5650  133229.9  122710.5       0.0
 48      4225670 -0.6642  3.8071  133069.6  121615.8       0.0
 48      4225676  0.6117 -0.8868  132183.5  121597.1       0.0
 48      4225702 -0.4665  3.1495  134901.5  120443.4       0.0
 48      4225711  1.1317 -2.4341  133189.5  120586.3       0.0
 48      4225713  1.3186 -1.6731  133604.4  120595.0       0.0
 48      4225725 -0.4932 -3.0132  132171.5  120455.5       0.0
 48      4225737 -0.8450 -1.3450  129297.0  121056.3       0.0
 48      4225748 -1.6981 -0.5607  126206.6  120861.8       0.0
 48      4246192  0.8150  5.0767  134294.6  130255.1       0.0
 48      4246221  0.5348  2.5974  132443.8  128789.6       0.0
 48      4246260 -0.4528 -4.1788  132257.8  127146.9       0.0
 48      4246272 -0.9067 -2.7807  134540.8  127466.9       0.0
 48      4246295 -2.4824  1.9005  132557.0  126535.9       0.0
 48      4246305 -0.5054  1.3446  133013.0  126500.1       0.0
 48      4246311 -1.1282 -4.2665  134163.4  126330.4       0.0
 48      4246405  0.2366  0.7971  130965.5  126546.2       0.0
 48      4246432 -1.3185 -1.9538  132646.6  126510.4       0.0
 48      4246503 -0.1402  1.3273  134493.8  125836.5       0.0
 48      4246609 -5.6618 -2.8623  131498.3  125696.2       0.0
 48      4246680 -3.2915 -4.6197  134899.8  126982.9       0.0
 48      4246710  1.0307 -5.5791  133348.0  128043.1       0.0
 48      4246808 -0.0500  0.5507  134896.8  129856.4       0.0
 48      4246830 -5.6081 -0.4040  131639.6  128761.2       0.0
 48      4246873 -5.0400 -2.2882  133052.0  127449.4       0.0
 48      4246986 -0.9261 -0.8896  133666.1  127787.4       0.0
 48      4247077  0.3765 -2.4450  131486.3  125270.1       0.0
 48      4247101  2.8034 -3.3812  130050.1  125876.9       0.0
 48      4247106  1.1447 -1.4266  130609.6  126075.3       0.0
 48      4247149  0.0643 -0.8096  126773.6  127808.7       0.0
 48      4247153 -5.9680  0.0788  128404.5  126756.6       0.0
 48      4268317 -0.4609  0.0212  130928.2  133854.8       0.0
 48      4268555  3.0316 -1.2814  134899.3  131585.9       0.0
 48      4268568  1.4789  3.6708  134703.3  131983.5       0.0
 48      4268731 -0.4409  0.6011  131942.4  131043.9       0.0
 48      4268738 -1.0820 -4.5977  131862.8  130689.5       0.0
 48      4268771 -0.5330 -1.7306  134949.9  131053.4       0.0
 48      4268883  0.2705  0.8572  133556.0  134570.1       0.0
 48      4268901  0.0357  2.4355  132345.4  134997.4       0.0
 48      4268961 -4.6153 -1.4224  133637.8  133785.6       0.0
 48      4269055  0.8378 -2.0003  134997.4  131140.8       0.0
 48      4269201 -1.4793  1.2069  134786.5  130405.9       0.0
 48      4269204  0.0293  2.3519  133436.1  130651.0       0.0
 48      4269250  2.0689 -2.3485  130395.3  133130.7       0.0
 48      4622904 -0.4584 -4.8882  132310.3  115009.4       0.0
