 49      3329979 -0.9455 -1.9351  126863.3  122248.8       0.0
 49      3329984 -0.0266 -1.9905  126700.7  122379.5       0.0
 49      3330018 -0.5703 -0.9707  128408.5  121228.3       0.0
 49      3330199  0.5799 -1.1095  130387.5  119057.8       0.0
 49      3330212 -1.9906  0.2280  126389.5  117844.0       0.0
 49      3330225  0.2105  0.2895  129959.8  118182.9       0.0
 49      3330283  2.8430  2.9270  128188.3  119768.7       0.0
 49      3330305  0.0046  0.6705  130043.7  120703.7       0.0
 49      3330418 -0.5485 -0.2067  129075.1  119732.7       0.0
 49      3330520 -0.1692 -1.3623  131366.1  122565.1       0.0
 49      3330604 -0.8114  0.5255  131218.9  118866.8       0.0
 49      3330608  0.8481  1.0249  131181.3  118597.2       0.0
 49      3330642  0.1857 -0.5177  127238.8  121744.6       0.0
 49      3330654  0.6308 -0.0955  130773.1  120416.6       0.0
 49      3330688  0.7095  1.0433  130852.0  119284.9       0.0
 49      3330721  0.5860  1.5200  130840.0  118106.8       0.0
 49      3330741  0.1962  0.9949  127845.2  118013.4       0.0
 49      3330761  0.6374  0.9607  123333.6  122416.9       0.0
 49      3330877 -1.4161  0.3251  123012.0  118708.0       0.0
 49      3330917 -1.0766 -1.7993  124964.8  121645.8       0.0
 49      3330929  0.1126  2.0025  121509.7  120500.0       0.0
 49      3330971 -1.6226  0.1230  121568.6  119271.1       0.0
 49      3330993 -1.4496 -0.9061  124687.2  118922.5       0.0
 49      3331011  1.0257 -0.5789  121561.3  117981.8       0.0
 49      3331031  0.2425  2.3256  125082.7  118210.3       0.0
 49      3331040 -1.0905  1.0013  125432.1  117858.7       0.0
 49      3331076 -0.4965  1.4812  125412.5  118524.4       0.0
 49      3331118 -0.2147 -1.1857  123097.8  120790.9       0.0
 49      3331121 -1.8484  0.1957  123583.9  120678.4       0.0
 49      3331142 -0.2385 -1.1676  121740.2  121942.9       0.0
 49      3331265 -0.7190 -0.7568  122704.9  122258.6       0.0
 49      3331271 -0.4572  0.0865  122791.9  121900.6       0.0
 49      3331276  1.0575 -0.3272  122676.5  122029.4       0.0
 49      3331325 -1.0764  1.3767  123963.3  121324.4       0.0
 49      3331331  0.3202  0.0051  126268.6  121141.0       0.0
 49      3331339 -0.1881 -0.2382  125904.3  121349.1       0.0
 49      3331373  0.0195  1.2605  126163.3  120135.4       0.0
 49      3331393 -0.3993 -0.9390  124425.4  118653.8       0.0
 49      3331404  0.0802 -0.4206  125965.2  118754.7       0.0
 49      3331411  0.1897 -2.0036  125904.6  121407.1       0.0
 49      3331517  0.2575  0.8017  126068.5  118026.0       0.0
 49      3331536  0.7904  2.5975  124534.4  117870.4       0.0
 49      3331546  2.3454  0.6099  122569.6  117779.6       0.0
 49      3331576 -0.8580 -1.2691  116512.4  121307.9       0.0
 49      3331602 -0.8533  1.3105  116369.3  119849.8       0.0
 49      3331617 -0.0779  0.5868  118195.3  120075.4       0.0
 49      3331677 -0.4782 -2.2781  120089.7  118610.0       0.0
 49      3331720  0.0364  1.1848  119961.3  121662.4       0.0
 49      3331732 -1.5078 -1.9560  116922.2  120223.6       0.0
 49      3331745 -0.0645 -0.5213  118439.6  120259.6       0.0
 49      3331801  1.3086  0.5446  116446.8  117965.8       0.0
 49      3331844 -0.4146 -0.7713  116524.7  118401.7       0.0
 49      3331846  0.5529 -1.7459  118755.7  118376.6       0.0
 49      3331847  0.4764 -0.4452  118791.7  118429.8       0.0
 49      3331866 -0.9353  0.6857  116931.1  119406.4       0.0
 49      3331920  0.2053 -1.0473  117014.4  121854.5       0.0
 49      3331952  0.5066 -1.1043  119218.1  118373.8       0.0
 49      3331996 -0.3270 -2.6283  119170.8  119354.8       0.0
 49      3331997 -0.6029 -0.1933  118870.4  119423.3       0.0
 49      3332036 -0.9849  0.4006  119083.9  121002.9       0.0
 49      3332155 -0.8327 -0.3747  120766.8  121419.5       0.0
 49      3332225 -0.3494 -2.5013  119227.8  118554.2       0.0
 49      3332254  0.9633  0.5413  118866.2  121432.1       0.0
 49      3332357  0.1192 -1.2030  120798.4  118037.7       0.0
 49      3332389 -0.0275 -1.0744  117113.6  117672.7       0.0
 49      3332390 -0.0805 -1.3220  117656.4  118064.5       0.0
 49      3332456  0.5192 -0.4227  115468.7  121141.1       0.0
 49      3333100 -0.5277 -0.5099  116168.6  118551.4       0.0
 49      3333189  0.0486 -0.3112  115854.5  119146.2       0.0
 49      3333194 -0.1778 -1.0955  115987.8  119175.2       0.0
 49      3536636  1.3475 -0.4242  126904.8  127607.8       0.0
 49      3536729 -0.5648 -0.1799  130012.7  125074.0       0.0
 49      3536794 -1.1907 -0.5658  129944.4  126709.2       0.0
 49      3536812 -0.4777 -0.1087  126619.9  125534.8       0.0
 49      3536834 -0.1676 -0.8327  130303.9  125492.8       0.0
 49      3536884 -1.0775 -1.4927  128722.0  122779.9       0.0
 49      3536942  0.7637  2.0553  126306.6  124533.9       0.0
 49      3537022  1.1173 -0.8822  130423.5  127207.4       0.0
 49      3537033 -1.2505  0.7005  127835.5  123588.7       0.0
 49      3537193  2.9231 -0.2956  127282.5  127639.6       0.0
 49      3537215 -0.9274 -0.8010  130628.5  127340.1       0.0
 49      3537229  1.4250  0.6163  127797.6  126406.4       0.0
 49      3537231  0.1932 -1.1134  127384.1  126146.1       0.0
 49      3537241 -0.3746 -1.0154  129194.7  126170.3       0.0
 49      3537302  0.5834 -0.6690  127625.9  123954.0       0.0
 49      3537335  0.2373 -0.1679  130578.2  126786.1       0.0
 49      3537361  0.3043 -1.7412  127770.1  126760.0       0.0
 49      3537382  0.2136  0.6686  129143.4  125392.4       0.0
 49      3537454 -0.0385 -0.0361  128910.0  122700.1       0.0
 49      3537563  0.1429  1.1662  121472.8  125221.1       0.0
 49      3537587  1.0857  2.3433  125392.9  125163.8       0.0
 49      3537641 -0.6566 -0.2998  124873.7  123613.0       0.0
 49      3537648 -1.4200 -0.8573  121575.6  126686.2       0.0
 49      3537662  0.4599 -2.4106  125164.0  126644.3       0.0
 49      3537700  0.9212  0.4968  125007.1  125435.8       0.0
 49      3537741 -0.5179  0.4235  125116.9  124287.6       0.0
 49      3537742  0.2489 -0.0089  125367.3  124081.1       0.0
 49      3537855 -0.1037 -0.8333  123487.5  125844.8       0.0
 49      3537897 -1.0135  1.7751  122181.5  123251.9       0.0
 49      3537979  0.1614  0.3336  122423.7  125922.1       0.0
 49      3538041 -0.2857  0.8396  122774.4  127723.0       0.0
 49      3538084  0.0215 -0.3821  122925.9  126340.4       0.0
 49      3538125 -0.0535 -0.0619  126063.8  125021.1       0.0
 49      3538127  0.1604  1.7280  125853.5  125245.7       0.0
 49      3538129  0.4424 -0.5244  125493.8  124892.2       0.0
 49      3538219 -0.1233 -0.7220  126046.0  125575.5       0.0
 49      3538253  0.7883 -0.4838  126126.2  124261.2       0.0
 49      3538309 -0.2661 -1.1367  124565.3  123023.1       0.0
 49      3538354  1.1214  0.5640  116904.2  126415.8       0.0
 49      3538398  1.0894  1.2335  116464.0  125014.3       0.0
 49      3538438 -1.1217  0.5951  116608.8  123860.1       0.0
 49      3538524 -1.9458 -0.7993  118042.3  125487.1       0.0
 49      3538576 -0.1640  1.4832  120206.8  124090.4       0.0
 49      3538609  0.4495  1.2426  119836.8  123184.1       0.0
 49      3538616 -2.4967  2.0459  116320.5  123212.8       0.0
 49      3538633 -0.1749  1.5529  120081.1  123192.7       0.0
 49      3538657 -0.5310 -0.9283  118384.1  124670.2       0.0
 49      3538751 -1.0502 -0.2826  117154.0  123093.0       0.0
 49      3538853 -0.4076 -0.9890  121164.5  125706.6       0.0
 49      3538854 -0.5361 -0.4855  120794.8  125784.4       0.0
 49      3538924 -0.9368  0.0065  118858.8  127300.2       0.0
 49      3538929  0.4141 -0.8534  119387.5  127445.3       0.0
 49      3538931  0.2568  2.0360  120827.6  127545.4       0.0
 49      3538984 -1.0340  0.3458  117896.9  125048.3       0.0
 49      3539077 -0.7558  0.1549  121335.9  125299.4       0.0
 49      3539078  1.4681  0.5238  121310.2  125541.1       0.0
 49      3539119 -0.4557 -0.3685  121167.1  124255.1       0.0
 49      3539130  1.3448  0.2937  119379.7  124016.0       0.0
 49      3539166  0.3832  1.3490  119458.2  122790.3       0.0
 49      3539341  2.2722 -0.9775  115400.8  123830.8       0.0
 49      3539530 -0.0329 -0.1775  115159.9  123396.7       0.0
 49      3539678  0.3975 -1.6139  115880.6  123443.3       0.0
 49      3539711  1.5272 -1.9472  115897.9  124508.1       0.0
 49      3539799  1.3063 -0.1039  115879.0  126905.4       0.0
 49      3568441 -0.2296  1.3007  126610.9  131077.8       0.0
 49      3568459  0.0793 -0.3055  127013.2  129924.0       0.0
 49      3568499 -0.3068  0.8067  126749.5  128925.7       0.0
 49      3568513  1.2668  2.7516  128738.8  128720.7       0.0
 49      3568674  0.5137 -0.3388  128576.7  127723.8       0.0
 49      3568777  0.1993  0.5794  130042.9  131060.3       0.0
 49      3568818  0.5540 -1.3305  129158.8  128453.5       0.0
 49      3568864 -0.5373  0.6553  130742.3  129823.1       0.0
 49      3568876 -0.4957  1.0536  127590.3  131081.8       0.0
 49      3568976 -0.1783 -0.1956  130595.2  131341.3       0.0
 49      3568982  1.4063  1.1928  130814.7  131160.3       0.0
 49      3568994  0.8510 -1.1211  127219.1  129895.1       0.0
 49      3568996  0.0630  1.2184  127375.6  130184.4       0.0
 49      3569086 -0.5336 -1.0930  128879.1  131632.0       0.0
 49      3569092  2.2843  0.2091  127336.3  131837.7       0.0
 49      3569116 -0.4130 -0.3581  129563.5  130559.7       0.0
 49      3569126 -0.0614  1.1917  127574.3  130570.4       0.0
 49      3569245  0.1689 -1.4292  123186.1  130996.0       0.0
 49      3569361  0.4075 -1.0472  121738.6  130234.9       0.0
 49      3569371 -2.1766  2.1822  121487.7  130320.3       0.0
 49      3569421  0.2741  1.2883  124730.2  129198.2       0.0
 49      3569503  0.6630  1.1772  121613.4  129570.6       0.0
 49      3569531  0.0578 -0.8558  121486.5  130797.9       0.0
 49      3569553  1.7729  1.5153  125165.2  130700.9       0.0
 49      3569563 -0.2324  0.5124  123049.1  131967.6       0.0
 49      3569648 -0.1976  1.7564  125672.0  129695.6       0.0
 49      3569674  0.9476  0.1453  123973.4  130808.0       0.0
 49      3569696  0.1147 -1.0519  122402.9  132074.8       0.0
 49      3569715  1.7026  2.2218  123969.3  131965.8       0.0
 49      3569741  0.2583 -0.2548  122380.0  132615.3       0.0
 49      3569758 -0.1244  0.5575  125742.4  132344.9       0.0
 49      3569863  0.1776 -1.1134  126121.1  128727.6       0.0
 49      3569904 -0.2312 -0.1447  124576.5  131549.6       0.0
 49      3569937 -0.3730  0.8262  123882.8  130271.0       0.0
 49      3569994  1.0603 -0.7120  124435.9  127683.1       0.0
 49      3570020  1.7637  0.1226  116642.0  132277.0       0.0
 49      3570107 -0.2979 -1.0249  118111.2  129983.2       0.0
 49      3570174 -1.4086  0.0074  118365.3  131500.3       0.0
 49      3570213  0.0597 -0.7378  118497.0  130398.7       0.0
 49      3570244  0.5093  0.7028  116615.9  129211.0       0.0
 49      3570291 -1.1729 -0.8959  118363.6  127911.2       0.0
 49      3570316 -0.1601 -0.5774  118109.6  128283.7       0.0
 49      3570385  1.0954  1.0964  116536.1  132231.6       0.0
 49      3570654  0.3139 -1.4714  117677.6  129807.8       0.0
 49      3570677  1.1685 -0.8005  121099.4  129938.6       0.0
 49      3570768 -0.0410  0.8384  119316.3  130477.6       0.0
 49      3570814  0.7608  2.6710  119076.9  129102.6       0.0
 49      3570828 -0.2249  0.8072  117755.5  129286.6       0.0
 49      3570839 -0.7399  1.6145  120581.0  127836.7       0.0
 49      3570844 -0.8880 -0.9496  120635.3  127900.6       0.0
 49      3571100 -0.5996  1.5058  115296.6  130296.9       0.0
 49      3571403  0.4022  0.8647  115734.8  129656.5       0.0
 49      3571412 -0.4831  2.7999  115509.5  129615.1       0.0
 49      3571486  1.6254  0.0575  116250.4  132199.5       0.0
 49      3571541  0.4154 -0.8598  115760.9  131258.3       0.0
 49      3571549  0.7229 -0.8813  116104.3  131238.0       0.0
 49      3571597  0.0199 -0.6688  116137.2  128833.2       0.0
 49      3601689 -1.3307  0.8118  126493.5  134056.6       0.0
 49      3601758 -1.3456  0.8249  128213.2  133199.1       0.0
 49      3601797 -0.1776 -0.9934  128460.1  134681.1       0.0
 49      3601911  0.9378 -2.0009  129073.8  134679.7       0.0
 49      3601917  0.5482 -0.5844  130992.0  134760.9       0.0
 49      3602387 -0.1918 -1.4165  123220.2  134937.2       0.0
 49      3602423 -0.6104 -0.5382  123237.6  133843.9       0.0
 49      3602437  0.0124 -0.4866  125336.8  133549.7       0.0
 49      3602624 -0.7157  1.0136  123601.4  134642.1       0.0
 49      3602628  0.1941 -1.2292  123095.8  134423.8       0.0
 49      3602629  0.1803 -1.4181  123584.6  134463.5       0.0
 49      3602745  1.8063  0.5238  122850.7  134435.3       0.0
 49      3602917 -0.8819  1.6208  122910.1  134981.5       0.0
 49      3602944  0.8572 -0.4697  122333.4  133671.3       0.0
 49      3602948 -0.4458 -0.5011  122671.7  133642.3       0.0
 49      3602969 -0.1635 -0.1066  124006.5  134008.4       0.0
 49      3603082  0.4992  0.9440  125476.4  134393.8       0.0
 49      3603102 -0.0521 -1.0419  122468.6  133937.7       0.0
 49      3603386 -0.0208  2.2232  119934.4  134113.5       0.0
 49      3603393  0.7520 -0.1339  119711.9  133928.0       0.0
 49      3603394  0.3892 -0.5668  116897.0  133104.6       0.0
 49      3603431  0.8904  1.4636  116632.9  133405.3       0.0
 49      3603556  0.6524  0.4328  117292.8  133553.1       0.0
 49      3603793  0.1656 -1.9806  118778.5  134819.8       0.0
 49      3603809 -0.8932 -0.4989  121279.7  134878.0       0.0
 49      3604006 -0.6868 -1.1128  117341.8  133026.5       0.0
 49      3604736  1.3517 -0.5136  116247.2  133799.8       0.0
 49      3604858 -0.0014  1.0761  115497.6  133130.5       0.0
 49      3960770 -0.0568  2.0134  129780.2  116399.7       0.0
 49      3960794  0.0441  0.7776  128506.3  115104.6       0.0
 49      3960821 -2.0886  2.4155  129966.4  115108.4       0.0
 49      3960899 -1.0142 -0.6283  126567.5  115502.8       0.0
 49      3960904 -1.3580  2.4391  126703.3  115280.7       0.0
 49      3960908 -0.1969  0.1147  126810.7  115240.1       0.0
 49      3961094 -0.6177  0.0144  126596.9  115739.6       0.0
 49      3961126 -0.1537 -0.6604  128464.3  117187.8       0.0
 49      3961138 -0.3018 -1.4342  130100.6  117198.5       0.0
 49      3961240  0.8360  1.4246  127193.3  115943.3       0.0
 49      3961274  0.2440  0.7876  127564.2  116978.9       0.0
 49      3961284  0.9841  0.8597  129600.0  117089.7       0.0
 49      3961295  1.6278 -0.1642  130697.6  117215.5       0.0
 49      3961313  2.4541 -0.8637  129577.1  117692.9       0.0
 49      3961371 -0.8934  0.0247  131283.2  116448.1       0.0
 49      3961440 -0.1419  1.0950  130977.9  116821.7       0.0
 49      3961666 -0.3758  2.2556  123027.6  116477.8       0.0
 49      3961963 -0.4678 -0.3300  121575.1  115803.6       0.0
 49      3962134  0.2754 -0.1094  124376.7  117070.9       0.0
 49      3962136  0.2369  0.5215  124371.7  116896.7       0.0
 49      3962151  1.2428  0.6527  126157.9  117135.3       0.0
 49      3962172  0.3100 -0.0514  124215.6  117437.6       0.0
 49      3962191 -1.4226  2.1461  122641.1  116186.0       0.0
 49      3962197 -1.0316 -1.8889  124438.6  116328.6       0.0
 49      3962208  0.0085  0.2900  125967.2  116276.0       0.0
 49      3962272 -0.5893 -0.0655  126281.8  116819.1       0.0
 49      3962277 -0.4208 -0.8153  125674.9  116732.9       0.0
 49      3962286 -0.3974  1.5398  124361.2  116820.4       0.0
 49      3962336  0.9160 -0.0972  124479.2  115403.6       0.0
 49      3962339  0.8107 -0.4675  122212.9  115297.0       0.0
 49      3962421  2.4219  0.1410  116875.8  117290.3       0.0
 49      3962799 -0.7023  1.6410  117013.8  115795.4       0.0
 49      3962834 -0.3838 -0.8048  118773.0  117109.8       0.0
 49      3962947  0.6791 -0.5788  119119.5  115624.3       0.0
 49      3962960 -0.0510 -0.0754  121086.3  115788.5       0.0
 49      3963009 -0.4719  0.0942  120533.7  116872.4       0.0
 49      3963012 -0.0563 -3.1308  121058.5  116889.6       0.0
 49      3963029  0.7633  0.6170  119062.6  117415.6       0.0
 49      3963042 -2.3254 -2.3474  120616.8  117521.3       0.0
 49      3963067 -1.9249  0.4277  121248.6  116237.3       0.0
 49      3963089 -1.1274 -0.6737  117307.7  115050.7       0.0
 49      3963925 -0.1478  0.6867  115557.7  117337.0       0.0
 49      3964045 -1.2529 -0.5696  115866.4  116659.5       0.0
 49      3990033 -1.4849  1.6589  128455.2  120654.1       0.0
 49      3990073  0.2210  0.7398  128494.3  118993.0       0.0
 49      3990160 -1.4642 -1.8030  129927.1  119515.2       0.0
 49      3990191  0.7836  0.8704  130187.1  120915.7       0.0
 49      3990279 -0.7507 -0.5049  130612.0  119579.2       0.0
 49      3990313  0.3759 -0.1037  129463.5  120672.9       0.0
 49      3990372  0.9352  0.7369  127600.7  122508.2       0.0
 49      3990382 -0.1304  0.0856  128888.2  122299.7       0.0
 49      3990402 -0.2436  0.6948  127446.4  121220.6       0.0
 49      3990406  0.0140  1.8564  127399.4  121407.2       0.0
 49      3990413 -0.4815  1.5655  129031.7  121338.2       0.0
 49      3990423 -1.4302 -2.4747  130847.7  121259.4       0.0
 49      3990478 -1.4203  1.3476  129578.9  118906.6       0.0
 49      3990513  1.6565 -2.0524  128951.3  121761.2       0.0
 49      3990546 -0.0217 -0.1897  127618.4  120229.1       0.0
 49      3990554 -0.5475  0.6678  130790.8  119251.1       0.0
 49      3990560 -1.3740  0.1816  130487.4  119160.3       0.0
 49      3990675 -1.2436  2.4245  125408.1  121177.9       0.0
 49      3990681  0.1597 -0.0290  121443.4  119963.6       0.0
 49      3990685  0.1476 -2.2545  121300.1  119930.3       0.0
 49      3990772 -0.4491 -1.7612  125284.3  121392.3       0.0
 49      3990789  0.2518  1.1725  123266.3  120561.1       0.0
 49      3990845 -1.2525  0.2342  125336.0  119225.2       0.0
 49      3990848 -0.0021 -1.1492  125106.7  119304.9       0.0
 49      3990862 -0.3510 -0.9596  123631.4  117975.2       0.0
 49      3990971  0.1255  0.9431  123669.3  122107.5       0.0
 49      3991012 -1.2995 -2.0550  124681.3  118265.0       0.0
 49      3991049 -0.2027  0.7842  126121.4  119419.6       0.0
 49      3991058 -1.1773 -0.6312  122262.2  120837.0       0.0
 49      3991078 -0.3440  0.2726  126385.1  120703.5       0.0
 49      3991123  0.4868 -0.0727  126194.9  121964.9       0.0
 49      3991251 -0.2014 -1.2554  125515.5  121581.0       0.0
 49      3991266  1.7608  0.0461  124018.1  121741.0       0.0
 49      3991272  0.1705  0.0717  122484.7  121725.7       0.0
 49      3991331 -0.0112  1.3194  124487.1  119241.0       0.0
 49      3991334 -0.5607 -0.8009  122370.2  119344.0       0.0
 49      3991340  0.4598  2.4377  126162.7  117980.6       0.0
 49      3991407  0.7682  0.0338  116831.2  121255.2       0.0
 49      3991589  0.5288  0.9004  118523.2  119229.3       0.0
 49      3991614 -0.0692 -0.9300  116624.2  117930.0       0.0
 49      3991631 -0.3923  0.6681  119812.3  118003.8       0.0
 49      3991679  1.3921 -1.4288  120559.7  119696.3       0.0
 49      3991680  0.9460  1.2901  120190.4  119727.0       0.0
 49      3991742 -0.3051 -0.9261  117209.9  118322.9       0.0
 49      3991750 -0.2786 -0.2089  119072.4  118282.6       0.0
 49      3991779  0.2870  0.9425  117416.6  119462.7       0.0
 49      3991789 -0.2160 -2.0571  119594.3  119495.3       0.0
 49      3991825 -0.3799  2.1823  119614.2  120806.8       0.0
 49      3991832  0.3358  0.7845  118901.4  120652.0       0.0
 49      3991868  0.3192 -0.4287  120670.6  121827.7       0.0
 49      3991886  1.4202 -0.3560  117927.2  122344.7       0.0
 49      3991919 -1.9571  2.1980  117612.9  121143.5       0.0
 49      3991925 -0.5668 -0.8568  120569.8  121343.3       0.0
 49      3991978 -1.4912  0.2249  117938.9  118785.9       0.0
 49      3992001  1.8892  0.5735  120768.3  121745.5       0.0
 49      3992002 -1.2409 -1.1121  120981.5  121631.3       0.0
 49      3992014  0.1357 -0.4085  117131.5  121421.3       0.0
 49      3992022  0.5216 -0.2727  120744.9  120411.2       0.0
 49      3992058  0.9815  2.8669  121186.1  119099.2       0.0
 49      3992418  1.3931  0.1747  115063.5  119746.8       0.0
 49      3992578  0.3097  1.0961  116395.0  120942.6       0.0
 49      3992740 -0.8091 -1.7533  115559.1  118649.0       0.0
 49      4018589  0.4102 -0.6536  126682.2  127542.1       0.0
 49      4018634  0.5967 -0.9721  126862.9  126259.9       0.0
 49      4018635 -2.7620  0.6428  126582.4  126283.2       0.0
 49      4018766 -0.4970 -1.6711  126896.8  125209.3       0.0
 49      4018861 -0.1694 -1.6564  130007.3  122678.6       0.0
 49      4018950  0.9999 -1.2808  127146.6  127203.2       0.0
 49      4018974 -0.5385 -0.2577  129993.9  127296.1       0.0
 49      4018981  0.1097  1.2876  129726.9  127129.9       0.0
 49      4019108  1.1556 -0.0427  130710.7  127153.1       0.0
 49      4019116  0.2686  1.1280  127356.3  127347.9       0.0
 49      4019169  0.5701  1.2768  130955.0  126339.7       0.0
 49      4019221 -0.7171  0.5684  129130.0  123783.0       0.0
 49      4019279  0.0238 -0.2867  129200.9  125226.4       0.0
 49      4019313  0.5535  0.8792  131251.6  124344.5       0.0
 49      4019330  0.8114  0.8109  127399.1  124231.6       0.0
 49      4019378  1.9037 -0.2980  127961.1  122825.8       0.0
 49      4019399  0.6498 -2.1554  123158.5  127283.6       0.0
 49      4019430 -2.5454 -0.4496  123563.2  126126.1       0.0
 49      4019542 -1.8149 -0.6362  123695.9  126813.7       0.0
 49      4019588 -0.3556 -1.2492  121796.6  124162.4       0.0
 49      4019595  0.1699  2.1407  121501.0  124309.8       0.0
 49      4019626  1.3642 -0.1072  125114.9  124048.7       0.0
 49      4019634  0.6138  2.2603  122124.3  122850.1       0.0
 49      4019712 -0.6180 -0.5441  123445.0  124508.9       0.0
 49      4019736  1.3163  0.6513  123605.5  125876.7       0.0
 49      4019778  0.2953 -1.1440  124830.6  126838.3       0.0
 49      4019827 -0.6586 -2.4474  122206.7  124708.6       0.0
 49      4019840  1.0701  0.1730  124708.9  124549.4       0.0
 49      4019885 -0.6134 -1.7914  125978.6  125768.9       0.0
 49      4019900  0.8572 -1.1134  122916.0  126976.6       0.0
 49      4019973  1.0217 -1.0722  122881.4  126072.9       0.0
 49      4019979  0.1174 -0.9721  124352.1  126258.6       0.0
 49      4019984  1.3087  1.5709  125904.4  126154.4       0.0
 49      4020026 -0.4304  1.0313  122290.6  123685.4       0.0
 49      4020054  0.2512  1.5744  125829.6  126723.4       0.0
 49      4020107  0.6531 -0.6612  122713.1  125502.7       0.0
 49      4020210  2.0701  1.6543  120164.6  127346.4       0.0
 49      4020306  0.2553 -0.9679  119871.2  123557.9       0.0
 49      4020312 -1.5794 -2.0090  116426.1  126551.1       0.0
 49      4020322 -2.1372  0.0844  116909.3  126632.2       0.0
 49      4020411 -0.6045  1.0659  118209.6  123975.6       0.0
 49      4020419  1.9373 -1.4586  120402.6  123966.1       0.0
 49      4020456  0.2913  1.3421  120276.6  123005.7       0.0
 49      4020466 -0.4835 -2.2008  118184.7  123423.1       0.0
 49      4020519 -0.1337 -0.9740  116999.8  125890.6       0.0
 49      4020556 -2.3039 -0.1002  116549.4  126936.7       0.0
 49      4020558 -0.3252 -0.8422  117000.0  126796.6       0.0
 49      4020580 -1.5372  0.6522  117398.0  123527.7       0.0
 49      4020610  0.0233 -1.4843  117578.4  124658.7       0.0
 49      4020633 -0.7363  2.1630  119665.0  124572.0       0.0
 49      4020635 -0.3555  1.2001  119549.8  124512.1       0.0
 49      4020690  0.0761 -0.8869  121364.8  125852.1       0.0
 49      4020715  0.3613 -1.0846  121020.1  127036.8       0.0
 49      4020732 -0.7796 -1.7833  117578.6  127343.3       0.0
 49      4020826 -0.3356 -1.7647  119128.4  123666.5       0.0
 49      4020849 -0.5690  0.4007  121098.2  123847.5       0.0
 49      4020871 -0.4107 -0.4882  117449.3  126610.1       0.0
 49      4021036 -0.3529  1.1231  115300.6  126079.2       0.0
 49      4021137 -1.8703  1.5475  115354.0  126482.8       0.0
 49      4021263  0.3106 -1.5429  115213.6  123101.7       0.0
 49      4021383 -1.2368  1.5716  116285.2  123196.6       0.0
 49      4021386 -1.3297  1.3754  115631.9  123512.8       0.0
 49      4021546 -0.9927 -1.2667  116213.4  127344.7       0.0
 49      4218163  0.3360  0.0527  130468.9  132386.7       0.0
 49      4218206  0.3046 -1.1333  130319.4  131247.4       0.0
 49      4218212 -0.2528  0.6657  126903.0  129903.9       0.0
 49      4218223 -2.2494 -0.5626  128324.6  129854.3       0.0
 49      4218228  0.5469 -0.0930  128673.4  129776.6       0.0
 49      4218334 -1.1066 -1.8728  126697.4  129300.7       0.0
 49      4218361  0.4068  0.1474  126286.7  127885.0       0.0
 49      4218487  0.8525  0.5941  126916.1  131996.9       0.0
 49      4218489  1.1954  1.2695  126889.6  132038.6       0.0
 49      4218535 -1.1016  0.5594  129545.3  128242.9       0.0
 49      4218570 -0.1511  1.7908  129005.8  129649.2       0.0
 49      4218591  0.0856 -0.2252  127468.2  130988.5       0.0
 49      4218645  1.7646 -0.6984  128908.9  131918.5       0.0
 49      4218822 -0.7030 -0.2757  127869.4  130412.7       0.0
 49      4218851  0.1186  1.3948  128916.1  129357.9       0.0
 49      4218925 -0.3290 -0.9669  125291.1  132555.1       0.0
 49      4218926 -0.1154 -1.4488  125325.3  132286.7       0.0
 49      4218952 -0.2155 -0.2528  123043.9  131081.8       0.0
 49      4218954  0.5023 -0.9044  123594.5  131366.3       0.0
 49      4219019  0.3400 -0.3610  123665.3  128841.1       0.0
 49      4219026 -0.7202  1.0826  125050.5  128887.1       0.0
 49      4219037  0.8655  1.1649  125306.7  128931.7       0.0
 49      4219087  0.7654  1.1366  123416.3  130435.6       0.0
 49      4219094  1.4789 -0.5436  123863.8  130463.8       0.0
 49      4219134 -1.3091 -0.1218  121896.0  127727.3       0.0
 49      4219146 -0.3332 -2.3584  123265.7  127827.6       0.0
 49      4219168 -2.3714  0.2958  125146.4  127986.7       0.0
 49      4219195 -0.1430 -0.5839  125196.5  128357.1       0.0
 49      4219217  1.2512 -2.1551  121785.2  130648.5       0.0
 49      4219332 -2.4171 -1.1089  124420.5  130641.2       0.0
 49      4219344  0.8953 -2.2444  126253.6  130694.3       0.0
 49      4219396  0.1272 -1.5829  124333.4  132591.1       0.0
 49      4219416  1.3060  1.7594  122456.9  131455.8       0.0
 49      4219427 -0.4873 -0.9914  125632.0  131293.9       0.0
 49      4219437  0.9459 -0.1295  126202.1  131056.3       0.0
 49      4219554 -1.0505 -0.1197  122663.1  130324.0       0.0
 49      4219604  0.5583 -0.6984  125890.1  127852.2       0.0
 49      4219610  0.7211  0.1787  124157.5  127964.3       0.0
 49      4219632  0.7012  0.3046  118540.1  132469.9       0.0
 49      4219722  0.2830 -0.6237  120162.8  128845.6       0.0
 49      4219782  1.0208  0.4028  120070.4  130374.2       0.0
 49      4219786 -0.3233 -1.4703  116345.7  129226.1       0.0
 49      4219848 -0.1504  0.7104  120506.4  127982.7       0.0
 49      4219871 -0.3603 -0.4786  120241.4  128301.4       0.0
 49      4219916  0.6998 -2.0421  119819.6  130764.2       0.0
 49      4219938 -0.2647 -0.6119  118208.1  132207.8       0.0
 49      4219942 -0.1476 -0.9292  117958.2  132157.0       0.0
 49      4220004  1.4177 -1.5489  119098.4  129675.9       0.0
 49      4220090 -1.0197  0.3117  121276.2  132061.4       0.0
 49      4220105  0.3614 -1.4165  117740.4  132404.8       0.0
 49      4220143 -0.4413  0.7692  119435.1  131116.1       0.0
 49      4220176  1.9056  0.9496  121215.7  129998.2       0.0
 49      4220258 -0.0456  1.0179  119169.7  130394.5       0.0
 49      4220295  0.4506 -1.2473  119191.8  128064.1       0.0
 49      4220821  1.6411  0.6014  116205.0  130690.4       0.0
 49      4220881  1.7549 -1.1003  116149.2  132362.7       0.0
 49      4221028  0.6644 -0.4595  115622.9  130473.3       0.0
 49      4221032 -1.0821  0.8021  116025.1  130509.1       0.0
 49      4248027  0.6327  0.9784  127094.6  133702.0       0.0
 49      4248052 -0.6032  1.3177  130005.8  133608.8       0.0
 49      4248198  0.6282 -0.5574  128404.3  133155.4       0.0
 49      4248650 -0.4007 -0.1493  127812.7  134223.5       0.0
 49      4248679  0.0194 -1.1076  128896.9  132753.6       0.0
 49      4248811  0.0795 -3.2592  123319.0  133729.3       0.0
 49      4248943  0.8573 -0.2861  123630.8  132725.4       0.0
 49      4249063 -0.0287  1.7685  122249.4  133520.9       0.0
 49      4249088  2.2335  0.1230  124559.6  134782.8       0.0
 49      4249387 -0.8868 -1.7763  124096.4  133917.2       0.0
 49      4249402  1.1854  0.1421  122196.3  134209.6       0.0
 49      4249415  0.3687  1.2759  124671.0  132963.1       0.0
 49      4249429 -2.1186  0.5328  122629.4  132883.8       0.0
 49      4249513  0.0031  2.0116  116765.9  134833.9       0.0
 49      4249561  0.1130  0.8160  118624.7  133858.7       0.0
 49      4249637 -1.0131 -1.7221  116775.1  134144.3       0.0
 49      4249644  0.5690  0.8960  118651.1  134194.9       0.0
 49      4249652  1.3198  1.1811  118124.9  133998.4       0.0
 49      4249714  0.6476  1.5034  118114.0  133274.9       0.0
 49      4249722  1.1618 -1.4061  120176.7  133328.3       0.0
 49      4249827  0.1368 -0.9808  117167.8  133393.7       0.0
 49      4250024  0.6701 -2.3294  117634.4  134944.0       0.0
 49      4250060  1.0920  0.9189  117353.4  133943.2       0.0
 49      4250085 -0.0748  1.5043  121131.2  133647.1       0.0
 49      4250170 -0.6215 -0.2134  120992.8  134137.2       0.0
 49      4250480 -0.5442  0.1614  115484.2  134133.7       0.0
 49      4250574  0.5512 -1.6933  115499.8  134460.4       0.0
 49      4421725 -3.5200  2.3686  129830.0  121817.7       0.0
 49      4421815 -1.9443 -3.1954  129890.5  119581.4       0.0
 49      4421899  1.9106 -6.0146  129234.5  120857.0       0.0
 49      4421939 -0.3476 -2.7422  131190.1  122387.9       0.0
 49      4421961 -0.9419  4.6632  129014.0  120249.6       0.0
 49      4422073  3.8823 -0.2505  123278.1  122308.9       0.0
 49      4422079  0.5457  0.7335  125043.2  122477.2       0.0
 49      4422081  2.7239 -0.3101  125552.2  122409.9       0.0
 49      4422137  0.4454 -1.4611  123233.4  118839.7       0.0
 49      4422218 -1.8159  1.6879  124705.6  118015.1       0.0
 49      4422240 -0.2871 -1.4073  123085.6  119342.2       0.0
 49      4422311 -1.1297  2.1582  124700.7  119851.8       0.0
 49      4422343 -2.2316  0.2832  122658.5  122205.3       0.0
 49      4422440 -1.2744  1.9650  124189.3  121890.4       0.0
 49      4422441  0.3002 -1.6220  124538.5  121476.4       0.0
 49      4422485  1.3042 -1.7527  124059.2  119281.6       0.0
 49      4422511 -1.0067 -0.5831  116613.5  122613.2       0.0
 49      4422559  0.3350 -0.6747  118059.1  118744.8       0.0
 49      4422575 -0.0433 -2.7684  118610.3  121707.1       0.0
 49      4422649 -2.1875  3.4363  119756.2  118437.9       0.0
 49      4422674  1.0833  1.7461  116747.6  120691.2       0.0
 49      4422679 -0.1740 -0.4391  118511.0  120774.3       0.0
 49      4422700 -0.0342 -3.8935  119891.9  122007.5       0.0
 49      4422726 -1.5108  3.0927  117717.2  119544.2       0.0
 49      4422837  0.4328 -0.6709  119359.2  121032.4       0.0
 49      4422857  0.2582  0.2900  118874.3  120161.5       0.0
 49      4422878 -0.1234  4.7616  117339.4  118766.2       0.0
 49      4422938 -4.1194 -1.1249  119441.9  119238.0       0.0
 49      4423243 -0.2208  1.2740  116365.5  118567.5       0.0
 49      4423270 -1.1520  0.3111  115821.5  119447.6       0.0
 49      4423361 -2.7508 -4.9050  115901.7  121341.2       0.0
 49      4434819  0.0992  2.1246  128594.0  126111.9       0.0
 49      4434823  0.9939 -0.9655  130348.0  126035.9       0.0
 49      4434833  0.1718 -4.3544  126871.2  124638.8       0.0
 49      4434846 -1.1393 -2.3108  126433.7  123473.2       0.0
 49      4434884  0.3057 -1.4330  129899.7  126678.1       0.0
 49      4434930  0.9277  2.1390  126555.1  122854.2       0.0
 49      4434950  2.3208  1.9564  126855.6  123328.6       0.0
 49      4434970  2.4549 -7.3148  127206.9  124429.8       0.0
 49      4434981 -2.8745  0.3879  129860.4  124792.5       0.0
 49      4435080 -0.2059  0.7778  129006.0  126026.1       0.0
 49      4435083 -2.7603  0.9284  130896.8  125684.6       0.0
 49      4435094 -1.4643 -5.1366  127518.4  127097.8       0.0
 49      4435099  0.6715  0.7775  129669.4  127010.2       0.0
 49      4435196 -0.3518  3.6410  129098.2  123763.1       0.0
 49      4435284  2.7564 -1.9337  128915.8  122746.9       0.0
 49      4435307 -0.3084  0.4959  124740.7  127320.4       0.0
 49      4435322 -2.4064  3.0141  122984.9  126248.1       0.0
 49      4435327  0.2728  1.7228  123646.0  126166.2       0.0
 49      4435331  0.0602 -5.2887  123144.9  125894.9       0.0
 49      4435362  1.0021 -2.9143  123709.3  123769.1       0.0
 49      4435411 -2.7181 -0.4497  124758.7  124295.8       0.0
 49      4435428 -3.6516 -2.4163  123547.0  122640.6       0.0
 49      4435437 -2.1768  1.6919  125132.7  123186.0       0.0
 49      4435459  0.3544 -3.7004  125112.2  124399.6       0.0
 49      4435487 -2.7236  1.8487  121325.4  126934.9       0.0
 49      4435566 -4.7392 -5.6044  122401.3  126985.0       0.0
 49      4435572 -1.8658 -0.2268  124517.3  127025.3       0.0
 49      4435643 -0.3460  2.3144  122807.7  123838.9       0.0
 49      4435669  2.7409 -3.0835  125965.7  126564.7       0.0
 49      4435738 -1.9006  1.9289  122885.7  123107.5       0.0
 49      4435747  2.3928 -3.2870  117159.9  127504.1       0.0
 49      4435761 -0.5922  4.9432  120171.3  127672.4       0.0
 49      4435791 -0.5281  1.4549  117975.6  125111.0       0.0
 49      4435807 -5.3483  2.5588  118126.2  123752.2       0.0
 49      4435808  3.3883  1.5785  118742.7  123775.4       0.0
 49      4435852 -1.0920  0.4035  120143.8  125611.1       0.0
 49      4435853 -0.1489 -3.7325  119943.1  125120.9       0.0
 49      4435872  1.5186 -3.3556  116966.1  122777.2       0.0
 49      4435929  1.0238 -2.7452  117127.0  125820.1       0.0
 49      4435987  1.1478 -4.1122  119436.2  124621.5       0.0
 49      4435995 -3.8247 -1.8546  121067.2  124662.3       0.0
 49      4436059 -0.5355  2.3324  119216.0  127603.9       0.0
 49      4436091 -0.4244  2.8573  118919.4  125172.2       0.0
 49      4436114  0.0721 -1.0937  120806.9  126618.4       0.0
 49      4436123 -1.3609 -2.7551  118947.7  126647.4       0.0
 49      4436143 -0.4156 -0.8294  119256.2  125589.1       0.0
 49      4436229  0.0879 -1.0017  115134.5  126261.0       0.0
 49      4436334  0.5393 -0.4658  115437.0  124179.3       0.0
 49      4436493 -4.6514  6.7274  116180.4  127351.4       0.0
 49      4436495  1.6594 -0.3571  115912.0  127185.3       0.0
 49      4447772 -2.0725 -1.3396  128240.2  131073.6       0.0
 49      4447778  0.9879  6.5176  130228.6  131627.5       0.0
 49      4447871 -0.2990  0.4791  126640.7  129285.7       0.0
 49      4447882  0.5452  3.0430  128184.7  129360.1       0.0
 49      4447897 -0.0755 -1.1188  128227.6  127775.6       0.0
 49      4447920 -3.4520  0.3908  128188.0  128352.1       0.0
 49      4447936 -3.3447  3.2906  128144.7  129783.6       0.0
 49      4447942 -2.5408 -3.5532  130276.1  129528.9       0.0
 49      4447982  0.8881  2.5087  129415.9  128621.3       0.0
 49      4448024  0.1732 -0.7231  129518.9  130963.9       0.0
 49      4448061 -1.5491  1.2837  127858.9  132557.9       0.0
 49      4448075  0.4269 -0.7482  127386.9  131437.5       0.0
 49      4448103  0.5845 -1.7270  129013.9  129881.0       0.0
 49      4448110 -0.0580 -3.6008  130903.3  129815.1       0.0
 49      4448119  0.2865  2.4696  127265.9  128678.2       0.0
 49      4448137 -1.1075 -1.4977  130885.1  128943.7       0.0
 49      4448144  0.3138 -2.1692  131291.4  131627.8       0.0
 49      4448164  1.4272  0.5336  129296.2  130556.9       0.0
 49      4448247  0.6540 -5.8862  123596.2  130977.1       0.0
 49      4448260  3.5730 -0.9848  125580.1  131245.7       0.0
 49      4448296  0.6871  2.8447  125170.8  128887.3       0.0
 49      4448319 -0.1627 -2.1150  122103.9  130424.3       0.0
 49      4448417 -0.7438 -4.9690  125394.3  130629.9       0.0
 49      4448486 -0.6820 -2.5120  124340.6  130733.7       0.0
 49      4448525 -2.9215 -4.7348  122666.8  132311.3       0.0
 49      4448537  2.5218 -0.5498  126233.3  132617.7       0.0
 49      4448643 -3.7984 -0.3282  125977.2  129051.5       0.0
 49      4448669 -0.8188  6.7213  122165.8  128131.5       0.0
 49      4448694 -0.2223  1.0681  118697.0  131378.0       0.0
 49      4448736  0.0437  0.9028  116597.8  128561.2       0.0
 49      4448741 -0.1551 -1.2023  116316.0  128789.2       0.0
 49      4448742 -1.2286 -0.3943  118518.0  128850.3       0.0
 49      4448744  0.5506 -4.5313  118182.2  128726.1       0.0
 49      4448852 -3.0460  2.0137  119836.9  129884.5       0.0
 49      4448858 -0.0238 -1.4931  116609.6  130638.7       0.0
 49      4448866  1.4436 -0.7873  118154.9  130905.2       0.0
 49      4448886  0.4264  1.3907  119284.9  128432.5       0.0
 49      4448915 -0.2045  1.3918  121194.4  129570.9       0.0
 49      4448939 -0.2748 -2.7810  117409.9  132037.3       0.0
 49      4448965  2.7184  2.7010  119366.3  132671.2       0.0
 49      4448978 -0.1706  1.0171  117497.3  131252.5       0.0
 49      4449074 -1.4351 -1.8128  120744.4  128025.7       0.0
 49      4449086  0.4543  2.8143  117369.3  127998.6       0.0
 49      4449106 -0.0168 -7.3772  115055.4  132296.3       0.0
 49      4449152 -0.0748 -2.0376  115114.1  130082.0       0.0
 49      4449254  2.6220 -0.0001  115476.8  127913.1       0.0
 49      4449351 -4.5052  2.5178  115780.0  130703.1       0.0
 49      4449525 -0.3168  5.1091  116090.6  127995.6       0.0
 49      4460827  0.2801 -3.1851  129809.7  134706.2       0.0
 49      4460934  0.7668 -0.3853  130427.2  132935.9       0.0
 49      4460941 -0.7150 -2.4297  126942.2  133284.8       0.0
 49      4461181 -0.8881  1.9961  130654.6  134086.4       0.0
 49      4461196 -0.0508 -0.4983  130474.8  132744.2       0.0
 49      4461283  0.9807  5.3262  123026.8  133875.1       0.0
 49      4461383 -0.0271  2.8209  121482.3  133043.1       0.0
 49      4461418 -1.4788 -0.0641  123077.8  134576.6       0.0
 49      4461489 -1.3845 -0.8392  122964.7  134704.4       0.0
 49      4461497  2.7978  4.5016  124225.2  134536.2       0.0
 49      4461606 -4.9457 -2.3689  123889.1  133668.3       0.0
 49      4461757 -0.7782 -0.9198  120367.3  133504.6       0.0
 49      4461818  0.1285 -4.1575  117996.6  132872.1       0.0
 49      4461847 -3.9365  0.2455  116973.6  134586.0       0.0
 49      4461860  0.0233 -1.5942  120183.6  134520.8       0.0
 49      4462043 -1.0326  1.3049  119594.4  133893.8       0.0
 49      4624697  1.8191  0.7005  127002.1  115081.6       0.0
 49      4624747 -0.4992  1.8764  126381.4  116662.6       0.0
 49      4624751  0.9398 -0.1320  126575.2  116440.4       0.0
 49      4625120 -0.1285 -0.8676  129687.2  117696.9       0.0
 49      4625137 -0.1910  0.0674  127352.0  116284.4       0.0
 49      4625195 -0.4508 -0.3967  131273.0  115075.6       0.0
 49      4625287  0.6390  1.8310  127445.3  115382.6       0.0
 49      4625363  1.1500  0.7592  121931.5  117410.1       0.0
 49      4625657  1.0295  1.6107  123378.6  116070.8       0.0
 49      4625668  0.1471  1.3212  125360.9  116036.7       0.0
 49      4625792  0.7942  0.4831  124438.6  115758.4       0.0
 49      4625814  0.8631 -1.4388  125615.8  115710.4       0.0
 49      4625828 -0.2417 -0.5709  124543.2  116938.8       0.0
 49      4625841 -1.8396  0.8564  125975.9  117246.4       0.0
 49      4625863  1.1339 -0.5961  122896.9  117703.0       0.0
 49      4625894 -0.8090 -1.7265  125980.2  117383.2       0.0
 49      4625896  0.3183 -1.6575  125781.6  117396.9       0.0
 49      4626139 -0.9265 -1.0140  116400.3  117441.2       0.0
 49      4626311 -0.0241 -2.0846  116647.0  115189.1       0.0
 49      4626317 -2.6156  1.2959  118124.5  115567.8       0.0
 49      4626562  0.1691  0.3394  117531.5  115793.6       0.0
 49      4626614  0.3441  1.0238  121200.0  117246.6       0.0
 49      4626630  0.0178 -0.4992  117810.8  117506.7       0.0
 49      4626637  2.2670 -2.3066  117576.5  117212.4       0.0
 49      4626663 -0.4968 -0.5232  117768.9  116197.6       0.0
 49      4626667 -0.0015 -1.4988  117946.2  116274.1       0.0
 49      4626766 -0.0586  1.0844  117791.0  116474.6       0.0
 49      4626770 -0.3381  1.0253  117681.6  116745.8       0.0
 49      4626799 -0.6629  0.9112  119367.2  115513.2       0.0
 49      4626809 -2.4982 -1.7416  117368.7  115337.3       0.0
 49      4626813 -0.9412  1.7104  117503.1  115253.8       0.0
 49      4626922  2.3087  0.0865  115205.1  116252.9       0.0
 49      4627326 -0.0399  0.5822  115889.2  115693.0       0.0
 49      4627360 -0.1953 -0.2299  115532.6  117058.7       0.0
 49      4627402 -1.1253 -1.2230  115615.9  117370.0       0.0
 49      4647833  1.6863  3.8159  127106.6  122526.5       0.0
 49      4647872 -0.3807 -3.9212  127110.6  120978.5       0.0
 49      4647888  0.1202  0.4215  128485.2  121115.5       0.0
 49      4648062 -4.1476  3.6101  130411.6  120367.2       0.0
 49      4648065 -0.2510 -1.0892  130460.6  120386.0       0.0
 49      4648110  0.6043  3.6309  130068.3  119083.9       0.0
 49      4648112 -0.2968 -0.9922  130326.9  119062.2       0.0
 49      4648144  2.6601 -3.2072  128482.7  117790.8       0.0
 49      4648180 -0.0824 -1.7994  126473.8  118303.5       0.0
 49      4648197 -1.2454 -3.1549  126702.2  119498.1       0.0
 49      4648203  0.6016 -3.4508  128088.8  119504.4       0.0
 49      4648252 -0.5631 -3.1299  126447.4  121927.8       0.0
 49      4648256 -1.6283  0.5280  126562.5  122021.7       0.0
 49      4648283 -1.0303 -2.2845  127612.9  118295.4       0.0
 49      4648341 -0.1408  3.2950  130692.7  119694.3       0.0
 49      4648377  0.9975  1.1254  131032.2  120752.7       0.0
 49      4648503 -1.1099 -2.7318  130962.7  120014.5       0.0
 49      4648508 -0.5525 -3.6641  127752.5  118888.0       0.0
 49      4648678 -0.5863 -1.0852  121324.5  122462.4       0.0
 49      4648691  0.5921 -0.6249  123718.7  122445.8       0.0
 49      4648702 -0.1542 -1.8798  123593.2  122189.0       0.0
 49      4648719 -0.4429  0.0490  122017.7  121347.0       0.0
 49      4648754  0.8643  5.6283  125243.7  121157.2       0.0
 49      4648896 -0.4141 -5.7125  123414.6  120185.4       0.0
 49      4648905  0.1418 -1.3571  124666.7  120302.4       0.0
 49      4648983  0.9188 -1.2123  125359.9  117863.9       0.0
 49      4648985  2.1320  5.4909  125022.6  118174.0       0.0
 49      4649120  0.6300 -6.7206  124541.1  118284.7       0.0
 49      4649130  0.7766  1.6495  125924.3  118574.0       0.0
 49      4649159 -0.9321  0.8668  126095.6  119720.2       0.0
 49      4649212  0.1618 -1.8200  122862.1  121937.6       0.0
 49      4649334  0.9116  4.7771  122941.2  119104.0       0.0
 49      4649335  0.7896  4.4517  122508.8  119034.7       0.0
 49      4649367 -0.7231 -1.2227  126048.9  121757.9       0.0
 49      4649413  0.0883 -3.9558  125828.5  120288.2       0.0
 49      4649463 -3.1275 -4.4400  123891.5  119182.3       0.0
 49      4649567  1.8981 -0.2550  120193.8  122500.6       0.0
 49      4649645 -0.7453  1.7935  119678.7  120273.2       0.0
 49      4649662  0.0921  0.7198  116716.2  118733.3       0.0
 49      4649692  0.8237  4.2778  120572.2  119086.9       0.0
 49      4649713 -0.5451  0.0064  118777.8  121811.7       0.0
 49      4649746 -0.5822 -1.4958  116624.5  120247.6       0.0
 49      4649821 -0.7746  2.5135  116519.0  117830.5       0.0
 49      4649826 -5.0590 -2.6481  118271.9  117945.4       0.0
 49      4649838  1.0774 -4.0904  120035.9  117696.4       0.0
 49      4649841 -0.7229 -3.8497  119809.4  117630.1       0.0
 49      4649865  1.5061 -0.8024  118529.3  118397.2       0.0
 49      4649971 -1.0292 -3.0163  117592.3  118409.2       0.0
 49      4649986  1.0261  1.4724  119598.9  118278.3       0.0
 49      4650123  0.1028 -1.4413  117164.4  122378.6       0.0
 49      4650139  1.6491  0.9901  119646.5  122490.5       0.0
 49      4650140  1.0499  0.0208  120621.3  122566.6       0.0
 49      4650147 -0.4907  0.3755  120836.3  122653.0       0.0
 49      4650242  0.4667 -1.4156  121206.3  118781.3       0.0
 49      4650259  4.6535 -5.1584  119742.6  121518.2       0.0
 49      4650318  0.6614  2.0139  117241.6  120318.8       0.0
 49      4650390 -3.2716 -0.7448  117047.4  118014.2       0.0
 49      4650398  2.8037  6.4036  117591.0  118049.9       0.0
 49      4650616 -1.6888  0.7070  115013.9  120360.8       0.0
 49      4650995 -0.6697 -1.4646  116170.8  122152.4       0.0
 49      4651040  0.0834 -1.4504  116233.5  122476.6       0.0
 49      4651106 -0.0734  0.5229  116254.0  120129.6       0.0
 49      4651145 -4.7130  0.3259  115537.2  118762.0       0.0
 49      4651148 -0.7480 -1.4168  115778.7  118790.6       0.0
 49      4651251  0.0253  2.7691  115545.9  119225.0       0.0
 49      4651284 -0.1887 -1.7651  115869.6  117765.9       0.0
 49      4671970 -0.5592 -4.5090  130392.1  123472.1       0.0
 49      4672053  0.6360 -5.2209  129739.5  125506.0       0.0
 49      4672172  0.0729 -3.1998  130166.7  123255.7       0.0
 49      4672179 -0.7970 -3.2978  129921.6  123184.0       0.0
 49      4672330  1.4995  1.3887  127706.8  125863.6       0.0
 49      4672343 -0.2986 -2.6980  127485.8  125962.3       0.0
 49      4672372  0.2839 -0.6896  130821.5  125761.8       0.0
 49      4672390  1.7956 -2.9518  129151.3  126932.4       0.0
 49      4672499 -1.5540  4.8785  127503.0  125367.3       0.0
 49      4672512 -0.8966 -1.2118  129579.2  124906.7       0.0
 49      4672518  0.3336 -1.4248  129351.2  124820.2       0.0
 49      4672585 -0.6502  1.3402  127925.9  126917.1       0.0
 49      4672615  0.9218 -5.0936  127310.1  125276.7       0.0
 49      4672627 -0.5356 -3.9237  131075.2  124196.4       0.0
 49      4672635 -2.3505 -1.2429  129172.5  124204.2       0.0
 49      4672705 -1.1129  0.0424  121516.1  127323.3       0.0
 49      4672735 -0.1552 -1.6103  125351.8  127597.2       0.0
 49      4672742  2.1562  0.2269  121812.6  126454.5       0.0
 49      4672918  0.0058 -0.4218  123531.6  124197.7       0.0
 49      4672979  3.0248  0.7734  121587.9  123308.7       0.0
 49      4673035 -0.0497 -1.8912  125359.0  124622.9       0.0
 49      4673073 -2.1185  1.3847  122875.7  127272.1       0.0
 49      4673222 -0.8859  5.5773  122571.9  127073.9       0.0
 49      4673230 -1.0662 -2.0934  124357.1  127001.1       0.0
 49      4673294  0.1145  1.4306  122335.9  126343.7       0.0
 49      4673331 -0.7255 -2.2264  125739.0  126440.9       0.0
 49      4673363  1.4938 -0.3918  125858.1  124865.8       0.0
 49      4673385  0.4455  3.2824  122868.0  124025.0       0.0
 49      4673503  0.8962  1.1109  124648.6  124193.6       0.0
 49      4673504  0.3046 -5.8637  123978.8  124034.6       0.0
 49      4673530  0.5814  1.4492  125682.3  123049.1       0.0
 49      4673587 -0.8506 -0.7440  118570.1  127283.3       0.0
 49      4673661 -0.0294 -3.5006  117004.4  124815.6       0.0
 49      4673707 -0.5565 -1.6860  119722.0  123499.0       0.0
 49      4673827 -0.5961  1.5572  119802.9  124368.3       0.0
 49      4673833 -2.1387 -0.1754  119947.9  124126.7       0.0
 49      4673857  0.6593 -4.8130  118013.9  122852.7       0.0
 49      4673918 -1.3438  4.5673  118015.9  124726.8       0.0
 49      4674001  0.9302 -0.9965  119428.5  123282.4       0.0
 49      4674020 -0.2620  1.0135  120521.9  123355.5       0.0
 49      4674027 -3.6437 -0.8731  120819.3  123283.6       0.0
 49      4674050 -2.6372 -4.5407  118746.1  124414.0       0.0
 49      4674052 -2.8487 -1.1411  118931.2  124542.8       0.0
 49      4674088 -0.9479 -0.7158  117832.7  125872.4       0.0
 49      4674150  0.7348  3.7638  117778.9  127715.2       0.0
 49      4674191 -0.0410  0.5207  117511.2  126248.7       0.0
 49      4674194 -5.0292  5.9793  117006.5  126329.7       0.0
 49      4674217 -1.9051 -3.2359  120551.4  126012.3       0.0
 49      4674282 -3.0557 -2.3237  120570.0  123659.4       0.0
 49      4674321 -2.7267  3.0407  117343.4  126746.0       0.0
 49      4674336 -1.8494 -0.9099  120664.2  125294.0       0.0
 49      4674363 -0.8534 -1.0757  117247.1  125463.7       0.0
 49      4674366 -0.3536 -5.9461  117647.2  125260.4       0.0
 49      4674396 -1.0590 -3.3038  119304.7  123934.1       0.0
 49      4674895  3.9269  2.9357  115615.7  123368.3       0.0
 49      4674927  3.8069  4.7750  116377.2  124575.0       0.0
 49      4850081 -1.7868 -0.2629  130426.3  116195.1       0.0
 49      4850087  0.8132 -0.6942  126924.7  115138.1       0.0
 49      4850090  0.4208 -0.9652  126884.7  115120.7       0.0
 49      4850254  1.0181 -5.7049  126597.2  115559.8       0.0
 49      4850358 -0.2614 -1.1052  128853.4  116942.5       0.0
 49      4850403 -0.1511  1.5980  130872.8  116279.0       0.0
 49      4850405 -1.5115 -0.4839  130821.6  116204.5       0.0
 49      4850488  0.0477 -0.6354  127490.7  115575.9       0.0
 49      4850541 -3.4111 -4.2704  121830.9  117420.4       0.0
 49      4850577  0.2676 -6.2527  125118.4  116080.2       0.0
 49      4850592 -0.3402 -2.7347  124865.6  115040.7       0.0
 49      4850727 -0.7213 -4.6605  121876.9  115586.2       0.0
 49      4850907 -0.9051  3.7488  124034.8  116723.3       0.0
 49      4850995 -1.0501 -1.8015  118325.3  117253.6       0.0
 49      4851094 -0.1469  1.8194  120063.8  116849.0       0.0
 49      4851287 -0.8799  3.1869  121232.7  116053.2       0.0
 49      4851292 -1.9573 -1.0949  117636.1  116793.1       0.0
 49      4851301 -0.3170  2.1655  119331.5  117153.4       0.0
 49      4851325  0.2560 -4.3756  121375.5  117218.1       0.0
 49      4851350  0.2259  0.5503  119502.7  115202.1       0.0
 49      4851390  0.2693 -1.3848  119542.3  116556.4       0.0
 49      4851811  0.0335  1.3139  116247.5  116220.3       0.0
 49      4851881  6.0669  2.0969  116230.3  115506.1       0.0
 49      4864830 -0.5981  2.1728  133173.5  117319.2       0.0
 49      4865006  1.0084 -0.3850  133539.8  115279.8       0.0
 49      4865019 -0.3847 -0.4730  131444.6  116426.2       0.0
 49      4865124  1.6133 -0.0380  134494.1  115073.4       0.0
 49      4865235 -0.4148  1.7914  134018.5  118150.4       0.0
 49      4865394  0.1377 -0.7931  133814.9  116055.8       0.0
 49      4865500  0.1995 -0.1034  126507.5  116996.1       0.0
 49      4865501  1.9619  0.6624  126354.8  116957.5       0.0
 49      4865525 -1.1224  0.6052  126103.6  116072.0       0.0
 49      4865529  0.1806 -0.0997  128473.9  116155.8       0.0
 49      4865647  0.0148 -0.2453  130308.7  117353.4       0.0
 49      4865713 -0.0465 -0.2178  124509.2  115592.3       0.0
 49      4865782 -0.2001  0.0794  124151.1  115023.6       0.0
 49      4865833  0.4212  0.5166  126028.8  115988.9       0.0
 49      4882774 -2.7120 -1.7940  128272.0  132251.1       0.0
 49      4882787 -2.9022 -0.1022  130030.2  132573.9       0.0
 49      4882816  3.3390 -0.2707  128213.4  131321.0       0.0
 49      4882841 -1.1368 -5.6447  128196.6  129858.8       0.0
 49      4882955  4.3855  4.8936  130033.4  130705.2       0.0
 49      4882977  0.3362  2.4788  126810.9  129474.4       0.0
 49      4883178  0.8467  2.6294  127829.1  128488.7       0.0
 49      4883240 -2.9243  1.0834  130918.0  129710.3       0.0
 49      4883326 -0.3726  3.1003  127122.8  132490.7       0.0
 49      4883393 -0.4600 -0.6812  127784.9  129985.7       0.0
 49      4883422  0.6061  0.3903  130793.1  129855.9       0.0
 49      4883466 -0.8318 -4.9556  130939.5  131484.4       0.0
 49      4883472 -3.0225  0.1569  130551.2  131612.5       0.0
 49      4883475 -3.0932  0.3379  130712.5  131756.5       0.0
 49      4883542 -1.9923 -1.3087  131162.1  128993.6       0.0
 49      4883637 -0.0705  0.4583  121326.7  131010.2       0.0
 49      4883649  0.0868 -5.5700  121707.7  131037.1       0.0
 49      4883710 -0.3789  0.5400  123678.6  130039.5       0.0
 49      4883788 -0.1275 -1.8760  125163.2  131689.0       0.0
 49      4883805 -3.5588  0.1452  121674.5  130443.8       0.0
 49      4883818  3.0917 -0.1422  124807.6  130393.9       0.0
 49      4883838 -1.0443 -2.1726  123494.4  128993.0       0.0
 49      4883872  0.7755  1.0970  123432.3  127922.4       0.0
 49      4883941  3.5126 -0.0291  122239.3  131046.3       0.0
 49      4883982  0.2962  1.7973  124752.6  132160.4       0.0
 49      4884018  1.3736  1.2661  124689.9  128439.6       0.0
 49      4884023 -0.9961 -0.2902  125558.3  128136.6       0.0
 49      4884130  0.5593 -0.9487  122673.5  132266.4       0.0
 49      4884135 -0.2650  1.5831  124151.2  132160.3       0.0
 49      4884145  2.5809  5.7459  125737.1  132428.3       0.0
 49      4884155 -2.9150 -4.7128  122664.7  132305.5       0.0
 49      4884157  0.7471  2.7251  122442.1  132668.7       0.0
 49      4884163 -2.9385 -4.7506  122657.5  132294.2       0.0
 49      4884181 -0.9491  1.0715  126181.2  132697.8       0.0
 49      4884193  3.1388  0.5611  125667.1  132477.6       0.0
 49      4884207  2.8174 -1.2911  122799.0  131045.9       0.0
 49      4884251  1.2465  1.0470  124121.0  130110.1       0.0
 49      4884281  6.2510  0.5307  124660.6  128559.4       0.0
 49      4884292 -1.2644 -5.2014  126060.0  128752.8       0.0
 49      4884372  0.2208  4.8279  122168.7  130458.5       0.0
 49      4884403  0.3516 -3.0802  124103.2  129131.6       0.0
 49      4884563  0.0133  6.9687  117041.4  129050.7       0.0
 49      4884587 -0.9755 -3.3986  116724.9  131631.6       0.0
 49      4884597 -0.4844 -0.1042  120174.7  131454.1       0.0
 49      4884621  1.1218  3.2492  118854.1  130689.5       0.0
 49      4884631 -1.4426 -2.0438  119968.2  130138.0       0.0
 49      4884632  0.9629 -1.5970  119989.6  130391.9       0.0
 49      4884638  1.5938  1.1052  120260.8  130444.4       0.0
 49      4884683 -0.3522 -0.2143  116970.1  128025.4       0.0
 49      4884741 -0.1776  1.4125  116895.1  129703.8       0.0
 49      4884771  0.5945  3.2331  118647.4  130839.2       0.0
 49      4884787 -1.5491  1.0593  117083.0  131966.4       0.0
 49      4884853  0.7539 -1.7149  120850.5  128196.9       0.0
 49      4884875  0.5516  1.5717  119017.5  129665.1       0.0
 49      4885170  0.0760 -1.8922  120879.4  130165.9       0.0
 49      4885228 -0.5976 -1.9548  117444.7  128873.2       0.0
 49      4885231  0.4866  1.4628  117391.5  129048.5       0.0
 49      4885268 -1.1377 -1.4916  117037.9  127904.8       0.0
 49      4885459  1.1869  0.5409  115488.1  131722.6       0.0
 49      4885690 -0.8709  1.1044  115298.4  132109.6       0.0
 49      4885776  0.3170 -1.3289  115784.2  129388.2       0.0
 49      4885809 -0.3396 -1.0125  115510.7  130773.6       0.0
 49      4885821 -0.5202  0.8489  116171.4  130786.2       0.0
 49      4885857 -2.6104  0.8111  115812.7  132192.4       0.0
 49      4885868 -3.3374  1.1623  115955.6  132162.9       0.0
 49      4885929  1.0207 -0.1030  115590.6  131091.6       0.0
 49      4885937 -0.1100 -2.6924  116149.9  131132.4       0.0
 49      4906189 -1.2243 -3.6688  130195.1  133706.1       0.0
 49      4906190  3.0047  1.3266  130487.1  133817.2       0.0
 49      4906323 -0.1995 -1.0833  128092.5  133022.3       0.0
 49      4906347 -0.0391 -2.5397  130005.6  133063.4       0.0
 49      4906351  2.9198 -1.4466  126499.5  133478.2       0.0
 49      4906360  0.3628 -4.5266  128448.1  133187.2       0.0
 49      4906377 -6.8931 -1.2291  126788.4  134609.4       0.0
 49      4906474 -0.8475 -1.8699  127754.7  133445.5       0.0
 49      4906505  0.9189  3.2328  129171.9  133306.5       0.0
 49      4906855  1.4527 -3.9777  130515.9  134215.4       0.0
 49      4906981 -0.2506 -4.0337  121691.9  134847.1       0.0
 49      4907007  1.8148 -2.9635  125146.7  134727.1       0.0
 49      4907307 -0.6033 -0.0002  122781.5  133131.2       0.0
 49      4907337  0.8459  1.5396  125808.8  133627.8       0.0
 49      4907368  1.8744 -6.7883  124357.5  134161.5       0.0
 49      4907559  1.9735 -0.8768  125981.8  134901.8       0.0
 49      4907568 -0.3194  3.8909  123888.8  133918.8       0.0
 49      4907658  0.4316 -2.9676  125927.3  134189.5       0.0
 49      4907856  0.5610  1.3464  118466.7  133683.4       0.0
 49      4907860 -3.0115  0.2752  118054.7  133722.7       0.0
 49      4907941  0.1380 -3.6960  116771.4  134264.3       0.0
 49      4908034  0.0673  2.3961  120129.0  133439.7       0.0
 49      4908039  0.3135  2.5817  119917.0  133365.5       0.0
 49      4908528  2.3966  0.6592  118964.1  132993.1       0.0
 49      4908537 -5.1636  4.0598  117018.9  133061.0       0.0
 49      4908690  0.6826  2.6709  115484.0  133923.4       0.0
 49      4908702 -2.0294 -0.8220  115226.6  133973.3       0.0
 49      4908819  1.2455 -3.4326  115357.0  134193.6       0.0
 49      4908934  2.2896  3.1865  115269.9  134879.6       0.0
 49      4909354 -0.5328 -2.3599  116228.8  134098.0       0.0
 49      4909379  0.3959  0.3345  115514.0  132981.4       0.0
 49      4909380  1.0018  0.0934  115852.0  133080.4       0.0
 49      5065969  3.1479 -0.2399  128687.8  117508.5       0.0
 49      5065976  0.3583 -0.3950  129779.3  117323.4       0.0
 49      5065994  0.9503  1.3842  126708.0  116246.5       0.0
 49      5066005 -0.8559 -3.0511  130167.2  116132.2       0.0
 49      5066096 -0.0093  0.7170  128031.9  116710.1       0.0
 49      5066127  1.6126 -3.9699  128220.8  115431.3       0.0
 49      5066434 -1.7782  2.9092  127825.1  115960.7       0.0
 49      5066478  3.2813  4.4091  129517.2  116989.8       0.0
 49      5066484 -4.3714  1.3181  128781.7  117088.0       0.0
 49      5066506 -3.2952  2.0888  128921.8  117468.1       0.0
 49      5066513  0.0707  1.1817  129116.1  117399.7       0.0
 49      5066520 -0.4469 -1.9699  130880.7  117336.7       0.0
 49      5066522 -0.2102  3.0790  131094.7  117661.4       0.0
 49      5066526 -0.8849  5.0978  131207.0  117665.4       0.0
 49      5066559  0.1201  0.7601  131297.8  116416.0       0.0
 49      5066565  0.3286 -1.8542  130961.5  116198.8       0.0
 49      5066642 -0.3849  0.3141  131282.7  116799.4       0.0
 49      5066656 -0.0239 -1.0120  129292.3  116676.9       0.0
 49      5066687 -0.2906  0.5597  128998.3  115628.9       0.0
 49      5066822  1.1892 -1.7367  124818.5  117588.5       0.0
 49      5066846 -2.6617  3.4298  123494.9  116469.1       0.0
 49      5066883  1.1653  2.8621  123669.5  115270.7       0.0
 49      5066885  0.4110 -1.1782  123745.9  115075.2       0.0
 49      5066937 -0.2955  1.5228  121555.5  116727.7       0.0
 49      5066961  0.3141  1.0792  124981.1  116576.2       0.0
 49      5066967 -2.0038  0.8898  121745.5  115302.6       0.0
 49      5067123 -1.3309  1.8539  123448.8  116025.6       0.0
 49      5067140  0.1326  3.0464  121612.2  117121.2       0.0
 49      5067149  0.7422 -0.9592  123156.8  116877.7       0.0
 49      5067246 -2.1133  2.3927  122368.5  115830.4       0.0
 49      5067265  0.4028  1.5205  124652.2  116018.0       0.0
 49      5067350 -0.5557 -1.2831  125570.3  117530.6       0.0
 49      5067351 -0.6258 -2.1573  126076.8  117270.8       0.0
 49      5067431  0.8987  3.7061  126218.3  115177.6       0.0
 49      5067469 -0.4854 -1.6578  126247.1  116685.3       0.0
 49      5067479 -1.4547  1.7963  125495.2  116571.9       0.0
 49      5067480 -0.1242  0.4328  124247.2  116611.9       0.0
 49      5067625  0.7052  1.8267  120325.1  117691.8       0.0
 49      5067749 -2.2709 -4.2632  117988.1  116518.9       0.0
 49      5067792 -5.1167  0.1369  116609.3  115333.8       0.0
 49      5067947  2.4910  0.2917  117089.5  115576.3       0.0
 49      5068093 -1.4558  0.9738  117526.9  115943.2       0.0
 49      5068111  0.5322 -2.0719  119304.8  115806.1       0.0
 49      5068127  1.7579  4.5919  120751.4  116055.1       0.0
 49      5068173 -0.6274 -1.7490  117789.6  117641.9       0.0
 49      5068248 -4.9157 -0.8403  117083.2  115004.2       0.0
 49      5068271  1.1835  2.7889  121305.4  115021.4       0.0
 49      5068474  0.2262 -1.4573  115254.4  117244.6       0.0
 49      5081264 -0.1525  1.5389  131685.5  120947.9       0.0
 49      5081344 -1.0617  1.9992  131776.9  118299.0       0.0
 49      5081388 -0.4765  1.8017  134800.0  118752.4       0.0
 49      5081460 -0.3509  1.6780  131862.5  122525.4       0.0
 49      5081483  1.2039 -0.1887  132141.2  118773.6       0.0
 49      5081737 -0.0279  1.5172  133816.0  120557.6       0.0
 49      5081766  2.1305 -3.0144  132293.2  119060.5       0.0
 49      5081855 -0.3397 -1.2254  132746.6  121052.9       0.0
 49      5081891  0.1365 -1.9821  132632.9  119738.9       0.0
 49      5081893 -1.1131  0.7619  132406.3  119751.8       0.0
 49      5081923 -0.6483 -0.3829  133697.5  118569.6       0.0
 49      5081960 -0.0820 -0.0563  126987.7  119330.9       0.0
 49      5081969 -0.0971 -1.3354  127820.5  119112.2       0.0
 49      5081997 -0.2836 -0.8512  126718.8  119072.6       0.0
 49      5082045  0.4691 -0.1688  128725.4  121427.8       0.0
 49      5082051 -0.3211 -0.4615  129425.8  122577.5       0.0
 49      5082060 -0.8806 -1.3453  130555.9  122442.2       0.0
 49      5082076  0.0376  1.0074  128672.2  121889.7       0.0
 49      5082093  0.8025  0.6607  128703.3  119391.0       0.0
 49      5082127  0.1877  0.0963  130816.4  118515.3       0.0
 49      5082142  1.0014  0.9035  124565.8  123112.9       0.0
 49      5082286  0.0012 -0.3013  124211.0  118543.0       0.0
 49      5102330  0.2214 -1.5878  131790.3  128097.7       0.0
 49      5102393  0.6290 -0.4150  131526.8  125301.6       0.0
 49      5102432 -1.3254 -0.2110  131528.3  124476.1       0.0
 49      5102434 -0.6975 -0.3044  131667.8  124043.4       0.0
 49      5102441 -0.2248 -0.8340  133269.7  124353.9       0.0
 49      5102475 -0.8526 -0.6454  131910.4  127062.5       0.0
 49      5102481  2.0976  1.9794  133665.5  127342.3       0.0
 49      5102517 -0.0900  0.3343  132962.6  125883.4       0.0
 49      5102531  1.3449 -0.5272  133364.4  125686.4       0.0
 49      5102583  1.7977  0.6300  133682.5  123287.9       0.0
 49      5102585 -0.1015 -0.9174  133512.3  123593.7       0.0
 49      5102655  0.0819  1.9345  131532.5  126423.6       0.0
 49      5102740 -0.0128 -2.0979  132759.6  124995.7       0.0
 49      5103125 -1.2474  0.7503  132521.8  123616.4       0.0
 49      5103145  0.6065 -0.1212  128764.2  127922.1       0.0
 49      5103154  0.6078  0.8019  128531.5  125368.6       0.0
 49      5103158  0.9191  1.0925  126821.4  124534.8       0.0
 49      5103230  0.1793 -0.0707  127197.0  125051.2       0.0
 49      5103260  0.0967 -0.6542  130926.7  127634.3       0.0
 49      5103321  0.3583 -0.2197  128965.3  125994.8       0.0
 49      5103411 -0.1673 -0.5680  123187.9  126214.1       0.0
 49      5103468 -1.1587 -0.1892  125540.3  125678.7       0.0
 49      5103477  0.1159 -0.1874  123767.3  127287.7       0.0
 49      5103482 -0.2238  0.5091  122684.5  127157.6       0.0
 49      5123168  0.1972  0.1201  132096.5  132824.0       0.0
 49      5123221  0.4477  0.3243  133017.4  131780.3       0.0
 49      5123225 -0.3021 -1.2689  133277.8  131715.0       0.0
 49      5123312 -1.2291  0.7796  131461.0  132062.9       0.0
 49      5123351  0.0808  0.9135  132071.8  131097.2       0.0
 49      5123357  0.1033 -0.0760  133376.8  130957.2       0.0
 49      5123380 -1.9618  1.5919  131714.6  129766.0       0.0
 49      5123388 -0.1190 -0.0836  133128.0  129607.1       0.0
 49      5123390  1.0325 -0.9103  132996.4  129672.1       0.0
 49      5123402 -0.0073 -0.1511  133060.2  129831.2       0.0
 49      5123420  0.6996  0.0585  134670.4  129884.2       0.0
 49      5123432  0.3088 -1.0226  132976.1  128162.9       0.0
 49      5123561  1.1828  1.0822  134691.2  132531.5       0.0
 49      5123592 -0.7937 -1.3442  134546.9  128792.1       0.0
 49      5123658  0.0586 -2.4232  132683.0  131031.4       0.0
 49      5123670  0.1665 -1.3928  134232.2  131102.7       0.0
 49      5123705  1.1741 -0.4648  132548.6  132609.2       0.0
 49      5123715  0.5738  0.0127  134629.2  132616.3       0.0
 49      5123735  0.2744  0.5422  132169.5  132829.9       0.0
 49      5123885 -1.5543 -0.1418  134225.8  132206.8       0.0
 49      5123926 -1.4758  0.3364  134328.8  131034.1       0.0
 49      5124018  0.6999  0.9355  134578.0  128573.1       0.0
 49      5124123  0.0718  0.9800  131340.5  128788.0       0.0
 49      5124179  1.3948 -0.7936  131153.2  130432.9       0.0
 49      5124201 -1.1519 -0.4186  129369.8  130833.5       0.0
 49      5124274  0.0976 -1.0001  125230.9  129576.6       0.0
 49      5124288  0.6541 -0.1394  124731.2  128560.2       0.0
 49      5124321  0.2981  1.2113  124355.0  131292.4       0.0
 49      5124396 -2.4249  2.1587  122508.9  128751.6       0.0
 49      5143835  0.0411 -1.4845  132911.1  133549.2       0.0
 49      5143866 -0.6306 -1.6934  131399.0  133789.4       0.0
 49      5143871 -0.3943 -0.0128  131992.0  133886.8       0.0
 49      5143986  0.2491  1.8990  134658.0  133890.4       0.0
 49      5143990  1.1202  0.2906  134521.6  133611.0       0.0
 49      5144363  0.2637 -1.2216  132246.3  134509.2       0.0
 49      5305358  0.5214  1.4857  134683.8  116581.8       0.0
 49      5305371  0.1051 -1.3458  133272.2  115409.8       0.0
 49      5305733  0.7938  0.0825  133900.5  116195.1       0.0
 49      5305750  0.9904 -0.2681  132275.5  117689.4       0.0
 49      5305795 -0.2690 -1.4146  134185.1  118014.1       0.0
 49      5305980  1.0028  0.6564  132171.4  115970.2       0.0
 49      5305989  0.3462 -1.8448  132710.2  115682.0       0.0
 49      5306078  1.6399  1.0394  126458.8  115718.9       0.0
 49      5306183  0.5883  0.0684  130519.5  117306.8       0.0
 49      5306334 -0.3492 -0.4348  122402.3  117069.2       0.0
 49      5306337  1.2493 -0.4496  122573.4  116692.6       0.0
 49      5324517  0.4336 -1.3127  134946.3  122810.6       0.0
 49      5324639 -0.7657  1.3145  134886.2  122282.1       0.0
 49      5324708  0.4049  0.3408  132919.9  119808.1       0.0
 49      5324772 -0.7318  0.2302  133438.1  119003.8       0.0
 49      5324863  0.1959  0.4249  132458.2  118877.0       0.0
 49      5324872 -0.3147  1.6031  133909.0  118931.7       0.0
 49      5324902  1.4228 -0.7991  133810.6  119955.9       0.0
 49      5324925  0.9182  0.7502  132060.0  121522.4       0.0
 49      5324930  0.3795  1.4386  134103.3  121274.7       0.0
 49      5324936  0.0062  0.7722  134333.0  121256.5       0.0
 49      5325156  0.6889 -0.8229  132192.6  122241.2       0.0
 49      5325167  0.2279  0.5833  134409.6  120916.5       0.0
 49      5325176 -0.6774 -0.5262  132385.0  120950.1       0.0
 49      5325314 -1.1674  0.8130  129092.8  120317.8       0.0
 49      5325464 -0.3568  0.5715  124222.9  120161.8       0.0
 49      5325466 -0.7426 -0.1751  123939.5  119976.4       0.0
 49      5325483 -0.4173  0.8275  122541.1  122666.4       0.0
 49      5325529 -0.7447  0.0773  122612.0  119559.5       0.0
 49      5343440  0.4393  2.2278  133287.7  128038.2       0.0
 49      5343484 -0.4162  0.5812  134819.4  126806.8       0.0
 49      5343504 -0.6208 -0.8252  131446.3  125667.9       0.0
 49      5343535  0.3823  0.6965  131633.3  124406.9       0.0
 49      5343602 -0.5600 -0.3952  132984.9  125786.4       0.0
 49      5343633  0.8427  0.4674  133417.5  124892.6       0.0
 49      5343713 -0.2483 -0.6554  133019.6  124936.3       0.0
 49      5343808 -0.8489 -1.9540  133954.0  123928.2       0.0
 49      5343884  0.1708  1.5988  133790.8  126251.2       0.0
 49      5344027 -1.9253  1.5284  132472.8  125524.5       0.0
 49      5344031  0.8513  1.4933  134140.1  125464.1       0.0
 49      5344071  1.3680 -0.4212  133813.1  124171.8       0.0
 49      5344126  0.3735 -0.1279  132183.9  127301.5       0.0
 49      5344188 -1.0638 -1.0803  133656.2  124763.7       0.0
 49      5344215 -0.7600  0.3177  134295.1  123497.3       0.0
 49      5344238 -0.5515 -0.2325  126772.5  128184.8       0.0
 49      5344255  1.0207  0.3718  126946.8  125419.9       0.0
 49      5344270 -0.4421 -1.7523  126313.6  127110.9       0.0
 49      5344305  0.7197  1.2290  130023.6  127775.0       0.0
 49      5344309 -0.8926  0.2156  127320.0  124049.8       0.0
 49      5344320  0.0029 -0.1926  129444.7  126514.8       0.0
 49      5344373 -0.0469 -0.1971  127693.6  125781.6       0.0
 49      5344377  1.2747  0.4703  131224.0  124694.2       0.0
 49      5344382  0.6294  0.6478  127771.2  124630.9       0.0
 49      5344388  2.4928 -2.2868  129152.5  123474.8       0.0
 49      5344415 -1.2390  0.3804  124980.1  124513.5       0.0
 49      5344442  0.7965  0.4561  121452.8  124193.0       0.0
 49      5344481 -1.2625  0.6100  125465.0  127731.1       0.0
 49      5344533 -0.9139  0.9749  122351.4  124590.6       0.0
 49      5344537  0.2631  0.2861  121987.4  124762.7       0.0
 49      5344544 -1.1573 -1.3556  123923.7  123507.1       0.0
 49      5356428 -0.3728 -1.3068  131809.0  131612.1       0.0
 49      5356433 -0.7295  1.4919  132002.0  131876.0       0.0
 49      5356570 -1.7099  0.2193  134682.4  132159.4       0.0
 49      5356590  1.8787 -0.9662  133580.5  131059.7       0.0
 49      5356611  0.8040  1.1857  131686.3  129580.4       0.0
 49      5356654 -0.7958 -0.1500  134696.8  128460.0       0.0
 49      5356679  0.7126  0.7197  133372.4  128923.8       0.0
 49      5356786  0.4545 -0.9555  134418.7  128608.3       0.0
 49      5356917  1.6496  0.5281  134034.9  132771.1       0.0
 49      5356961  1.3517  1.8338  132249.8  130480.3       0.0
 49      5357136 -1.0839 -0.2773  134207.3  128365.8       0.0
 49      5357166 -0.5862  1.1595  128313.1  131878.8       0.0
 49      5357167 -0.8126  0.7631  128212.7  131940.9       0.0
 49      5357210 -1.4100  0.6090  128464.4  130022.4       0.0
 49      5357220  1.0673 -0.9471  127708.6  128954.6       0.0
 49      5357229 -0.0865 -0.1845  130774.1  128967.1       0.0
 49      5357231 -1.3290 -0.2845  130816.4  128753.6       0.0
 49      5357241 -1.8591  0.2550  131043.3  131289.0       0.0
 49      5357273  1.5576 -0.7043  131180.4  132053.2       0.0
 49      5357337  0.1142  1.3585  121792.7  130920.5       0.0
 49      5357415 -0.3899  0.6851  123896.7  132678.0       0.0
 49      5357441 -0.5649 -0.0010  123862.0  129282.5       0.0
 49      5357558 -1.8279 -1.6880  131435.7  133336.8       0.0
 49      5357571  1.0735 -1.0842  134093.3  133198.7       0.0
 49      5357572 -0.7033 -1.3739  133938.1  133444.3       0.0
 49      5523350 -0.7898  3.1764  134806.2  117886.0       0.0
 49      5523424 -1.7963 -0.4649  133072.0  115870.5       0.0
 49      5523429 -1.3150 -6.4278  134677.5  115544.1       0.0
 49      5523432 -3.2218 -5.9530  134817.2  115660.5       0.0
 49      5523519 -1.4966 -3.6932  134843.9  116187.9       0.0
 49      5523575  0.3934  5.4899  134197.6  115125.0       0.0
 49      5523588  0.1711  3.5031  133740.7  116212.2       0.0
 49      5523630  0.7628 -4.9262  132378.7  116444.4       0.0
 49      5523659 -1.7874  2.8321  134297.7  115465.2       0.0
 49      5523799  0.1799  1.3755  121966.3  116765.1       0.0
 49      5533899  1.4083 -2.7009  131728.1  123099.1       0.0
 49      5533949 -0.6823 -2.3246  133544.7  120459.3       0.0
 49      5533961  0.5171 -0.3606  131722.6  119244.7       0.0
 49      5534006  1.0854 -1.8240  132859.9  120997.7       0.0
 49      5534062  3.0167 -0.7932  133565.8  118827.3       0.0
 49      5534084  1.9550  4.0591  132952.7  121418.4       0.0
 49      5534109  4.4531  0.9260  134211.7  118908.5       0.0
 49      5534162  2.5841  1.8969  132607.9  121398.8       0.0
 49      5534190  0.5436  2.0112  132628.4  122694.2       0.0
 49      5534218 -0.9381  2.3084  133663.0  122888.9       0.0
 49      5534229 -0.2760 -1.3801  132111.2  121665.3       0.0
 49      5534400 -3.1531 -0.4402  124406.8  119685.2       0.0
 49      5536356  0.3265  3.8903  131633.8  125670.1       0.0
 49      5536359  2.3194  2.2859  133083.8  125763.3       0.0
 49      5536407 -0.9220 -0.0259  132938.0  127173.8       0.0
 49      5536426 -0.2204 -1.7883  133052.6  125719.9       0.0
 49      5536469 -2.0009 -0.8722  132856.4  123518.0       0.0
 49      5536471 -0.0846 -2.0647  133407.1  123234.0       0.0
 49      5536483 -2.4576  0.3013  132814.6  124046.3       0.0
 49      5536497 -1.6125  4.6139  133307.3  125111.9       0.0
 49      5536524 -2.9128 -3.6027  134461.0  126220.6       0.0
 49      5536551 -0.4639  1.7605  133768.1  123652.1       0.0
 49      5536566  1.0613  5.3457  132221.0  124997.1       0.0
 49      5536656 -0.6369 -2.3060  134232.4  126686.2       0.0
 49      5536682 -0.7924 -4.5408  134081.9  123915.4       0.0
 49      5536749  3.4926  0.0052  133984.3  124566.2       0.0
 49      5543577  0.0718  0.4855  133053.8  132156.3       0.0
 49      5543593 -3.5946 -2.8632  131751.8  131075.1       0.0
 49      5543656  4.0298  0.3308  131953.9  128760.8       0.0
 49      5543658  0.4187 -0.3964  133117.6  128719.5       0.0
 49      5543672 -0.5976  2.9451  133377.3  130366.9       0.0
 49      5543707 -0.1947 -2.8469  133391.3  132558.0       0.0
 49      5543714 -0.6516  0.4130  132167.7  128747.1       0.0
 49      5543802  0.4546 -0.5494  132307.5  132941.2       0.0
 49      5543821 -2.0081 -1.4243  132765.2  131648.5       0.0
 49      5543916  1.5765 -0.3804  132346.7  129560.2       0.0
 49      5543938  1.4555  3.1034  132136.8  128598.7       0.0
 49      5544004 -0.3219 -5.3191  122860.0  128840.6       0.0
 49      5544012 -0.4136 -6.4354  123836.0  130856.7       0.0
 49      5544014  0.6729 -1.7443  125806.9  129643.6       0.0
 49      5561129  1.5756  1.0393  133232.1  134252.6       0.0
 49      5561264  0.1990  1.6285  131981.4  133851.9       0.0
 49      5561371 -0.0856 -2.2516  132945.4  133920.8       0.0
 49      5561593 -0.0252  0.1305  132688.4  134095.4       0.0
 49      5561746 -0.6810  1.2417  132706.0  133620.1       0.0
 49      5561797  0.2760 -0.3066  129810.7  134801.8       0.0
 49      5561800  0.6177 -0.3691  126578.9  133531.3       0.0
 49      5562036  0.6064 -0.1206  124657.1  134964.4       0.0
 49      5747821  1.0808  0.0025  133155.2  117947.0       0.0
 49      5747879  1.2106 -0.4593  131866.7  115320.6       0.0
 49      5747882  0.4684  3.7353  132943.2  115608.3       0.0
 49      5747946 -2.7638  0.2009  131753.1  116982.5       0.0
 49      5747947 -0.4661  1.2014  131315.6  117312.3       0.0
 49      5748126  0.7781  2.7420  134638.6  115156.6       0.0
 49      5748159  0.3253  2.5928  131608.6  117728.1       0.0
 49      5748254 -1.7194  5.2349  132494.4  116623.5       0.0
 49      5748310  1.7657  3.3571  133871.7  117471.5       0.0
 49      5748362  0.0617 -1.2565  131979.9  116758.5       0.0
 49      5748504  0.6387  0.5509  134333.0  115753.2       0.0
 49      5748613  0.7122 -2.6840  126914.9  115900.2       0.0
 49      5748665 -0.1859  5.5298  122090.7  116709.6       0.0
 49      5768562  0.7281 -3.4366  134958.5  122958.3       0.0
 49      5768645 -0.7382 -0.6281  133065.8  119388.1       0.0
 49      5768695  0.9040  2.9589  131211.8  120968.9       0.0
 49      5768704  3.0140 -3.5040  131981.8  120985.8       0.0
 49      5768722 -0.0368  6.4791  134983.7  120794.2       0.0
 49      5768730 -1.2558  2.8247  131810.9  119841.5       0.0
 49      5768766 -0.2955  0.3444  131564.6  118504.4       0.0
 49      5768846  0.5907 -0.2074  133254.1  120065.0       0.0
 49      5768898  0.4527 -0.2055  131932.1  122654.4       0.0
 49      5768977 -0.4699  2.8970  133746.5  120144.2       0.0
 49      5768999  0.3132  3.4238  132416.0  121664.4       0.0
 49      5769018  0.4241  4.0764  134103.7  121458.2       0.0
 49      5769146 -2.5419 -3.7692  132449.9  120379.6       0.0
 49      5769249  0.7973 -4.2375  132303.2  121758.2       0.0
 49      5769280  0.3316  1.1052  132095.3  120734.3       0.0
 49      5769377 -0.4994  0.3507  126333.4  123165.4       0.0
 49      5795497  3.7720  6.1058  134068.9  132514.4       0.0
 49      5795502 -1.1438  3.2894  134129.2  133029.3       0.0
 49      5806412  1.0221 -0.9523  131330.3  133557.8       0.0
 49      5806417  0.7446  3.6704  133752.1  133413.0       0.0
 49      5806728  0.5084  6.5467  130908.9  134162.5       0.0
 49      5806746  0.1264 -0.3684  129511.2  133337.2       0.0
 49      5806752  1.1765  0.5180  125038.1  134448.9       0.0
 49      5972107 -0.1591  0.7162  131379.0  127798.6       0.0
 49      5972198  1.3762  0.7241  133691.4  125443.2       0.0
 49      5972200  1.1303 -1.0026  134718.3  125517.4       0.0
 49      5972235 -0.6901  3.1706  132920.1  124285.9       0.0
 49      5972273  2.1385  2.0183  133656.7  127334.0       0.0
 49      5972337 -4.3181 -1.4449  131197.8  124578.7       0.0
 49      5972346  0.2515 -3.8686  133533.2  124379.3       0.0
 49      5972350  1.2775  2.7525  133000.3  124916.3       0.0
 49      5972442  3.0487  3.9575  131768.3  126550.2       0.0
 49      5972483 -1.5191 -1.0771  134904.4  127405.9       0.0
 49      5972527 -0.5244  3.2607  132417.3  124991.4       0.0
 49      5972674 -0.6804 -2.7692  134060.0  127751.3       0.0
 49      5972718 -1.1931  5.2979  134191.8  127111.9       0.0
 49      5972786  2.2961  1.6094  132334.0  124232.8       0.0
 49      5972902  4.0902  1.6136  134470.3  124539.1       0.0
 49      5972933 -3.1791  1.7376  134394.6  123607.1       0.0
 49      5972940 -1.7904 -0.8136  133736.3  123325.4       0.0
 49      5992399  1.6614  3.8415  133352.9  133324.6       0.0
 49      5992474  0.3480 -1.2289  133748.9  130486.2       0.0
 49      5992486  1.3380  3.9114  134801.7  130840.6       0.0
 49      5992510 -1.4340 -0.9443  131686.1  129195.5       0.0
 49      5992519 -2.0040 -1.7800  132835.6  129230.6       0.0
 49      5992527 -0.6368  0.1269  134829.7  129248.1       0.0
 49      5992546  0.4044  2.8387  131604.8  131996.6       0.0
 49      5992580  3.8040  1.4138  131399.2  130913.9       0.0
 49      5992739  0.4477  2.4159  131386.4  131263.2       0.0
 49      5992809 -0.2128  4.3039  132617.9  129205.3       0.0
 49      5992838 -0.4299 -2.0239  132748.1  129868.9       0.0
 49      5992885  0.5169 -2.3634  132546.9  131279.7       0.0
 49      5992931 -2.7514 -0.6260  131999.0  132479.7       0.0
 49      5993002  1.9917  3.3699  133903.8  132914.9       0.0
 49      5993099  0.1830 -3.5529  132569.5  128994.1       0.0
 49      5993109  0.7011 -2.5697  134138.9  129014.7       0.0
 49      5993148 -0.0497  2.4617  134576.8  132270.6       0.0
 49      5993163 -0.1580  3.3553  132138.5  132424.0       0.0
 49      5993309  3.6041 -2.8766  130641.0  133019.5       0.0
 49      5993328 -1.4454  0.2080  123536.7  133021.9       0.0
 49      5993348  4.7913  6.4304  124697.4  132779.1       0.0
 49      6013050 -0.4380  1.1065  131416.0  134797.6       0.0
 49      6013121  0.4398 -0.3583  134894.8  133431.8       0.0
 49      6013562  3.9133 -3.9485  134634.8  134244.1       0.0
 49      6013698 -1.4246  4.3013  132880.6  134599.2       0.0
