 491    468779533 -1.0136 -2.0629  126863.3  122248.8       0.0
 491    451705403  0.1394  1.0368  128440.9  122384.2       0.0
 491    468851329  1.3011  2.6574  129969.2  121437.7       0.0
 491    451762433  1.2677  0.5016  130245.1  121374.8       0.0
 491    468878815  1.1423 -0.2515  128089.9  120084.7       0.0
 491    451868729  1.2488 -1.3242  127018.8  120334.1       0.0
 491    451900325 -0.1118  1.0867  126286.6  119394.2       0.0
 491    451925484  0.5564  1.7890  130066.2  119207.2       0.0
 491    469056391 -0.7678  2.8115  128636.8  117795.7       0.0
 491    469084156 -0.7028 -1.9193  128102.3  118089.2       0.0
 491    452066066  0.4227  0.6758  128768.1  122200.0       0.0
 491    452101001 -0.8578 -0.0483  128890.2  118188.1       0.0
 491    469229326 -0.8630 -0.6386  131286.6  118174.3       0.0
 491    469254895 -0.4423  1.3607  129405.1  119523.6       0.0
 491    452177707  0.3744 -1.5745  128858.9  120917.7       0.0
 491    469328799  0.3041  1.3826  127741.0  121987.5       0.0
 491    469343212 -1.2342  0.1775  128819.1  121940.3       0.0
 491    559013331 -1.7448 -0.7785  127383.8  122699.2       0.0
 491    452308104 -1.2829  1.4152  129560.7  121345.6       0.0
 491    452381171  1.2744  1.2443  130794.5  118804.2       0.0
 491    452420129 -0.3288  1.3625  127575.2  121502.9       0.0
 491    469585652  1.6501 -2.0243  129285.6  120312.7       0.0
 491    469668460  1.3944 -0.8969  129371.2  118057.1       0.0
 491    469698161 -0.8074 -0.8132  121408.9  122445.2       0.0
 491    452554425  1.8163 -1.5555  122113.6  122263.2       0.0
 491    469773310  0.7926 -2.1578  121868.3  119947.7       0.0
 491    452635220 -1.0802 -0.1329  123163.7  119841.4       0.0
 491    452647552 -0.5962  0.4797  125225.3  120207.4       0.0
 491    452657947 -0.0304  0.3919  121495.3  118571.2       0.0
 491    469877465 -0.6368  0.8471  122085.0  120324.6       0.0
 491    469918464 -0.3698 -1.3929  121626.9  119183.2       0.0
 491    452797107  1.0786 -0.6098  121561.3  117981.8       0.0
 491    452831291  0.0193  1.0450  122108.3  118225.8       0.0
 491    470039442 -0.4307  1.5432  125450.9  119485.1       0.0
 491    452915289 -0.5612 -1.0190  121832.7  122193.6       0.0
 491    452940288 -0.8432 -1.1921  124919.8  122202.6       0.0
 491    470298434 -1.3696 -0.3665  125718.9  122267.0       0.0
 491    453208223 -0.1211 -0.8854  124029.0  119965.3       0.0
 491    470479448  0.6154 -1.6764  124043.1  121773.6       0.0
 491    453341455 -0.0331 -0.2677  122444.2  120288.2       0.0
 491    453404256 -0.2111 -1.6888  125474.2  118096.6       0.0
 491    464535596 -0.9075 -1.3424  116512.4  121307.9       0.0
 491    447799588 -0.0563  0.6747  119987.0  120092.8       0.0
 491    464689763 -0.4334 -1.2713  116341.9  120178.0       0.0
 491    464801750 -0.1662 -0.3073  117104.3  118371.1       0.0
 491    464809326  0.4160 -0.6368  118460.6  118409.1       0.0
 491    464855360  0.6293 -1.5648  117134.0  120593.5       0.0
 491    464903656 -0.4657  0.8608  118678.6  122247.1       0.0
 491    464926397 -0.1789 -1.1611  117904.7  118323.5       0.0
 491    448124841 -0.5407  0.2825  119131.5  118204.1       0.0
 491    465090651 -0.7349  0.5571  117565.3  122229.5       0.0
 491    465123377  0.7986  0.7623  120883.0  122063.7       0.0
 491    465196802 -0.6694 -0.1605  117834.6  121390.5       0.0
 491    465227189  1.3731  0.0715  117238.3  119775.3       0.0
 491    465239116  0.2623 -1.5511  119552.4  120014.7       0.0
 491    448569518 -0.3712 -1.0281  118908.6  119008.1       0.0
 491    465443788 -0.2187  0.1919  117793.7  119302.3       0.0
 491    448606445  1.9536  1.2319  121334.4  117933.9       0.0
 491    465538094 -0.7203 -0.4624  115162.5  122635.9       0.0
 491    449441672 -1.3832 -2.3193  115905.1  119965.1       0.0
 491    466365172  1.9554  1.1001  116078.1  120224.7       0.0
 491    449475061 -1.3777 -1.0819  115984.9  118948.3       0.0
 491    466537714 -1.5704  0.4604  115541.6  119016.9       0.0
 491    466598919  1.7403 -0.1027  115810.1  118033.0       0.0
 491    449359711  0.4369  1.7515  116091.0  122539.7       0.0
 491    559029836  1.1887  1.3919  128662.3  127345.9       0.0
 491    559073771  0.3878  1.3879  128278.2  126266.8       0.0
 491    540450302 -0.8057  0.1589  130213.4  126581.5       0.0
 491    559215610 -0.5745 -0.1254  126619.9  125534.8       0.0
 491    559254801 -0.7193 -1.7963  126294.4  124000.8       0.0
 491    540518718  0.4000 -0.5505  128251.7  124038.1       0.0
 491    540590338  0.6277  2.8419  126904.8  124640.2       0.0
 491    559356040 -1.9218  2.5289  126446.9  124792.0       0.0
 491    540610564 -0.1457 -2.4207  129767.5  124498.6       0.0
 491    540924753  1.5137  0.6436  127797.6  126406.4       0.0
 491    540957380  1.7066 -0.4117  127167.8  125061.6       0.0
 491    540981209  0.2692  0.8863  130745.0  125131.5       0.0
 491    541013132  0.0122 -1.2981  131022.2  123610.2       0.0
 491    541021626 -0.5536 -0.2692  130956.8  126771.4       0.0
 491    541144609 -1.4779  1.5746  127810.9  124318.7       0.0
 491    560040985  1.3468  2.5386  125075.2  127473.2       0.0
 491    560066775 -2.2431 -0.9346  122945.1  126177.0       0.0
 491    560092083  0.1825  0.2684  121869.9  124874.4       0.0
 491    560113248  2.3841 -1.9050  125221.8  124955.7       0.0
 491    560151264  0.5484 -0.5145  125366.3  123882.4       0.0
 491    541343149 -0.3800 -1.0247  121950.1  126698.6       0.0
 491    541365460  0.3246  0.1023  125365.8  126846.4       0.0
 491    560187841  0.2625  0.1634  124713.9  126542.7       0.0
 491    560217480 -1.3799  0.6890  123503.0  125460.8       0.0
 491    560277294 -1.0667 -0.2300  121767.4  122825.1       0.0
 491    560316220  0.0272  0.9945  121653.1  123516.4       0.0
 491    541501708  1.1921 -1.4614  124946.2  123206.9       0.0
 491    541591076  0.0005 -0.3110  124710.6  127157.8       0.0
 491    541601075 -0.0084  0.2023  122999.1  123350.9       0.0
 491    560453756 -0.1112 -1.5272  124732.3  123260.9       0.0
 491    560554409 -1.4519 -1.8333  123805.2  125786.6       0.0
 491    541723803 -1.3611  0.2592  125564.3  125945.3       0.0
 491    541756207 -0.0300 -1.8670  123948.1  126995.6       0.0
 491    560737839  0.1257  0.1982  124141.7  125102.7       0.0
 491    560762893 -0.3637 -1.0019  122099.3  123823.2       0.0
 491    541901695 -1.0246 -0.2225  122293.7  123902.4       0.0
 491    541903469 -1.0649  0.8005  122305.9  123804.2       0.0
 491    560774696  1.5055  1.8029  124668.8  123825.3       0.0
 491    541925778 -0.6708  0.3965  125694.1  123779.4       0.0
 491    560878571 -0.9965  2.3623  122362.1  125595.0       0.0
 491    560947661 -0.3914 -0.8833  126020.6  122737.2       0.0
 491    536257273  0.9818  1.0241  118776.7  127273.8       0.0
 491    554720665 -0.5116 -1.0879  119972.6  127473.8       0.0
 491    536374195  0.1271  1.0288  118228.0  123676.0       0.0
 491    554829654  1.8088  0.5531  118774.7  123667.9       0.0
 491    554910141 -0.0139  0.9846  118039.8  125280.1       0.0
 491    536484032 -1.0751  1.0619  118084.9  124274.6       0.0
 491    554976291  0.3981 -0.8950  116508.0  122828.1       0.0
 491    555019448  0.2992  1.1749  116983.2  123369.3       0.0
 491    555131039 -1.3873 -1.5171  117073.6  126806.5       0.0
 491    555147884 -0.6359  0.6152  118796.7  127195.0       0.0
 491    536791876 -0.0439  0.9297  117445.7  125881.0       0.0
 491    555361105 -1.1480 -0.4798  121020.1  127147.3       0.0
 491    536923679  0.3691  1.9600  121322.1  127396.9       0.0
 491    555530051  0.4229 -1.8556  121109.0  123875.5       0.0
 491    537057231  0.4336  1.0587  119421.9  126674.8       0.0
 491    537071860 -0.2297 -1.4470  117301.4  126524.5       0.0
 491    555574790  1.0070 -1.6690  117634.6  126651.4       0.0
 491    537104960  0.5301  0.2162  119206.8  125445.3       0.0
 491    555622796 -1.1238  0.0109  119289.4  125205.4       0.0
 491    555707149 -0.3096 -0.8001  118900.2  123082.0       0.0
 491    537413762 -0.9785 -0.0141  115341.9  126776.9       0.0
 491    555982446  0.5761 -0.0522  115128.0  125573.1       0.0
 491    537454178 -1.1977 -1.3240  115463.5  125463.5       0.0
 491    537621887  0.1542  1.8750  115076.1  125886.2       0.0
 491    556257952  2.6545 -1.8009  115797.2  123315.6       0.0
 491    537763388  0.7990  1.9052  116107.4  124841.7       0.0
 491    538056337  0.3453 -0.7147  116000.1  123697.6       0.0
 491    542213139  1.4853 -1.5190  130464.9  129931.3       0.0
 491    542241674 -2.6590  0.5837  128308.9  128555.1       0.0
 491    542298734  0.7846 -0.9557  126744.7  130491.1       0.0
 491    561209876 -0.8054  0.9520  127944.0  130480.6       0.0
 491    561261635  0.3299  0.0939  130323.9  129208.8       0.0
 491    542440542 -0.9374 -1.9698  128105.5  129503.0       0.0
 491    561617429  0.2655 -1.0723  130602.4  131990.5       0.0
 491    542752735  0.6891  0.9068  127398.5  131210.0       0.0
 491    561711233 -0.7208 -0.4032  127517.4  130154.2       0.0
 491    561775765  0.1225 -0.8468  131344.3  128730.4       0.0
 491    561866184 -0.5279 -1.4101  127332.1  130286.8       0.0
 491    542927484  1.8371  0.1145  127882.4  130529.4       0.0
 491    542938922  1.4841 -2.1116  130853.1  129287.2       0.0
 491    561943540 -0.2729  2.2335  128865.1  127882.9       0.0
 491    543052917 -2.2680 -2.0560  125410.8  132379.4       0.0
 491    543131883  1.0894 -1.5584  121796.6  128581.5       0.0
 491    543146603 -0.5520 -0.9054  123838.9  128815.4       0.0
 491    562114350 -1.2006 -1.0636  124918.0  128837.9       0.0
 491    562114386  2.6174  1.8864  124899.8  128959.7       0.0
 491    543157035  1.1285  0.5520  125174.9  128719.2       0.0
 491    562140355 -0.4846  2.2816  123696.7  131548.9       0.0
 491    562214366 -0.2500 -0.2774  123715.4  128995.5       0.0
 491    556883201  0.8987  0.1707  121352.7  127979.1       0.0
 491    562280223 -1.8778  0.5835  123443.5  128356.5       0.0
 491    543321550 -1.0633  0.2390  125211.2  128481.8       0.0
 491    562384217 -0.2498 -0.2168  125211.0  132218.2       0.0
 491    543418407  0.5317  0.9240  122642.1  128523.1       0.0
 491    562408149  1.3267 -0.4193  124091.6  128193.9       0.0
 491    543492454  0.8398  0.1137  126001.3  129632.5       0.0
 491    543520626 -0.9606  1.5021  124106.6  130734.8       0.0
 491    543571450 -0.7478 -2.3605  124173.2  132144.7       0.0
 491    562557968  1.8353  2.3754  123969.3  131965.8       0.0
 491    543617838 -0.2925 -1.7039  124460.6  132362.5       0.0
 491    562634301 -1.0004 -1.1633  122888.6  131057.9       0.0
 491    562653048 -1.5598  1.9076  125769.8  131264.0       0.0
 491    562733792  0.2053  0.4746  126190.3  128786.4       0.0
 491    543757467  1.0572 -1.0870  124064.1  131811.6       0.0
 491    562779016 -0.3558 -0.6023  122650.1  131662.8       0.0
 491    543777419 -0.1930 -1.2311  122739.7  131618.8       0.0
 491    562806976  0.6674 -2.1384  124066.0  130422.5       0.0
 491    562863677  0.2022  2.6990  124305.1  129188.0       0.0
 491    562892971 -0.5085  0.7635  125957.4  128118.0       0.0
 491    556944603 -1.0562 -0.0445  118713.4  131410.1       0.0
 491    538356614  0.1967 -2.4559  120174.1  131200.9       0.0
 491    538383445  0.3905  0.0583  118126.8  129912.6       0.0
 491    557023194  1.2378 -0.7786  118455.0  128620.4       0.0
 491    557048829  0.5941 -2.0185  116889.1  131656.9       0.0
 491    538452689  0.1325  0.6628  118555.6  131725.2       0.0
 491    557129144 -0.8592  1.2859  117008.7  129273.8       0.0
 491    538529296 -0.0172 -0.1847  118616.4  129303.5       0.0
 491    557141561  0.5423 -0.8967  118326.0  129134.6       0.0
 491    538614293 -1.2267  0.3889  116664.3  129402.3       0.0
 491    557255449 -1.7593 -1.7047  119708.8  129442.2       0.0
 491    538660183 -0.4119 -2.6618  118790.6  130933.3       0.0
 491    538692533 -1.4001  2.1091  118201.0  132247.6       0.0
 491    557373057 -1.0541  1.5268  120624.0  128524.1       0.0
 491    557373250 -0.4123  0.7656  120953.9  128322.4       0.0
 491    562933880  0.6023 -0.7468  121430.4  128339.6       0.0
 491    538761990 -0.3773  0.0874  117815.8  129615.7       0.0
 491    557420659 -0.8654 -0.9684  120604.8  129416.8       0.0
 491    557461232 -0.1348 -1.9469  118829.6  130862.3       0.0
 491    557476243  0.0266 -0.1570  120569.3  130975.3       0.0
 491    538860107  0.0928 -1.5935  117991.6  131962.3       0.0
 491    557530001  0.1380 -1.1106  120872.9  131944.4       0.0
 491    538963437  0.6372  0.7361  117729.1  131452.5       0.0
 491    539014867 -1.3449 -0.6929  119069.3  129945.1       0.0
 491    557675883 -2.2784  2.1836  117495.9  128996.4       0.0
 491    539026885  1.3302 -0.9590  117814.7  128602.5       0.0
 491    557699737 -0.3671 -1.1636  120738.7  128947.7       0.0
 491    539213302 -0.7527 -0.6700  119262.9  127846.0       0.0
 491    558014366 -0.0680  1.1127  115415.6  129835.3       0.0
 491    558097667 -1.4142 -0.5710  115122.9  131464.4       0.0
 491    558298532 -0.3506 -0.9306  115105.7  129684.4       0.0
 491    558477520 -0.1059  0.1336  116117.1  129673.1       0.0
 491    651398191  0.6257  0.6437  128028.2  133726.6       0.0
 491    631186545 -1.1219  0.5517  128425.5  134375.0       0.0
 491    631222907 -1.0296 -0.5233  128820.0  132786.6       0.0
 491    651561644  0.0554 -0.2095  130131.2  132861.1       0.0
 491    651579997 -0.0055  2.0634  128426.8  133291.6       0.0
 491    651737384  0.8804  0.9894  130894.4  133282.3       0.0
 491    631411394  1.4467 -1.0388  128018.9  134462.2       0.0
 491    651763422  0.7207  2.1066  129041.0  134585.6       0.0
 491    631842010  0.5104  0.1487  129060.2  133020.9       0.0
 491    652354600 -0.1554  0.7587  122071.2  133747.8       0.0
 491    646967553 -0.3653  0.0794  121306.7  132847.5       0.0
 491    652521732  1.1868  0.5147  121959.1  133076.6       0.0
 491    652562486 -0.1965  0.2198  121819.6  133257.5       0.0
 491    632175807  0.0951  0.6751  123513.7  133188.5       0.0
 491    652707659 -1.3863 -0.9020  124467.8  133289.0       0.0
 491    652727535  0.2165  1.1158  125658.3  133391.2       0.0
 491    632372377  0.3435 -0.1155  125692.8  134738.2       0.0
 491    632746987 -0.0446 -1.6864  125692.3  134065.8       0.0
 491    653228495  0.1046 -2.1337  122490.3  134085.9       0.0
 491    647119328  1.9627 -0.7643  120001.3  133775.7       0.0
 491    627194222 -0.6166  0.2500  116428.2  134358.1       0.0
 491    627231870  0.6709  0.7341  116311.5  132775.3       0.0
 491    647326380 -1.0320  2.5936  117023.7  134824.5       0.0
 491    627426685 -1.1039 -0.6404  119221.8  133405.7       0.0
 491    627445621  0.6834  1.7291  117846.1  134467.8       0.0
 491    647745575  0.4072 -0.7672  119387.6  134931.4       0.0
 491    647759245 -1.3611  0.6499  120753.3  134949.0       0.0
 491    647916362  1.2042  0.8937  120569.4  134243.3       0.0
 491    647960899  1.4521  1.1813  117555.5  134171.6       0.0
 491    628451662 -0.7525 -1.9114  115615.5  134721.8       0.0
 491    628451894 -0.0736  1.3861  115937.8  134634.5       0.0
 491    470681888 -0.5757  1.5146  128302.9  117417.6       0.0
 491    470763849  1.0294 -1.3228  128788.2  115012.4       0.0
 491    470848735 -1.1195  1.8355  130085.8  116548.4       0.0
 491    453654163  0.5995 -1.2298  128127.2  115330.1       0.0
 491    471038905 -0.1879 -1.0726  126795.3  115641.8       0.0
 491    453840699  0.1701 -1.0959  126429.1  116955.0       0.0
 491    471350559 -1.3374 -0.4472  127122.8  116179.6       0.0
 491    454112915  0.7293  0.2860  129322.1  116351.1       0.0
 491    471369952  0.2994 -1.7490  130960.1  116205.7       0.0
 491    454116587  0.0732 -0.2779  130534.8  116429.2       0.0
 491    454129840 -0.9166 -0.3404  127184.8  115160.0       0.0
 491    471452099 -0.3571 -0.8785  130760.3  116682.5       0.0
 491    454256132 -0.2629 -1.4481  129174.7  115172.4       0.0
 491    471684291 -1.4147  0.0922  121778.1  116078.1       0.0
 491    454465379 -2.2769  1.9735  124724.6  115062.9       0.0
 491    471833303  0.6722  0.9998  121595.2  115433.0       0.0
 491    472275304 -1.0247 -0.5502  126323.5  117276.8       0.0
 491    454997479 -0.6031  1.0331  124266.7  117350.0       0.0
 491    472316283 -2.0236 -0.7219  124583.3  117647.5       0.0
 491    472408849  0.1769  2.2529  125780.8  115217.4       0.0
 491    455174356 -0.3341 -0.9884  122971.2  116646.2       0.0
 491    472505946 -0.7056  1.0671  122851.5  116802.2       0.0
 491    466672137 -0.7038 -1.6936  116995.7  117383.7       0.0
 491    466697348 -2.4132 -0.8201  119674.3  117565.2       0.0
 491    449764066 -1.4278 -1.1959  116589.7  116190.8       0.0
 491    449767130 -1.1721 -1.2872  116600.0  116328.4       0.0
 491    449777519  0.2117  0.5426  118422.0  116058.7       0.0
 491    466739603  1.1169 -1.8413  120042.5  116340.1       0.0
 491    466837306 -1.4426 -0.1810  116555.6  116833.3       0.0
 491    450075929  2.0095  0.4674  116361.4  116022.9       0.0
 491    467298843 -0.8668  0.1440  119191.0  116957.0       0.0
 491    467334719  0.4161  1.2079  117247.9  117386.2       0.0
 491    450409010  1.9079 -2.8597  121259.2  116300.4       0.0
 491    467410073 -0.5707 -0.2882  120769.1  116206.8       0.0
 491    450538504 -1.1058 -1.8227  117690.1  116633.6       0.0
 491    467788196 -1.5795  1.2077  115438.4  116176.0       0.0
 491    467790490 -0.9027  0.7939  115009.8  116104.8       0.0
 491    468426563 -0.4449 -1.9432  116214.7  117422.3       0.0
 491    468501190  2.3257 -0.8617  116424.4  115007.2       0.0
 491    468839976  1.8941  2.3132  128051.2  121355.1       0.0
 491    451770486  0.4804  0.5892  126403.0  119998.9       0.0
 491    451925459  0.4436  1.0893  130028.0  119120.4       0.0
 491    469039122  0.0799 -0.2124  126539.6  118096.2       0.0
 491    451970694 -0.4378 -1.0110  127141.4  118195.4       0.0
 491    452066511  0.7225  0.4768  128133.8  122191.4       0.0
 491    452100556 -1.4537 -1.0985  129601.8  118186.4       0.0
 491    452114245  0.0695 -0.6386  130952.5  118166.7       0.0
 491    452152258  1.6865 -0.0069  130610.1  119679.2       0.0
 491    452165051 -2.9461  1.6982  127905.5  120760.2       0.0
 491    469296013 -0.4135 -2.4591  129561.6  120768.8       0.0
 491    452177708 -0.3523 -1.6808  129291.1  120904.4       0.0
 491    469342986 -1.0969 -0.2031  129016.3  121998.3       0.0
 491    452221295 -0.0522  1.5101  129309.7  122168.6       0.0
 491    452269215 -1.1640 -1.0194  129480.5  122569.0       0.0
 491    452311541 -0.2913  0.7008  131304.0  121313.0       0.0
 491    469635046 -1.1432  0.0556  129414.4  119176.9       0.0
 491    469642502  0.7351 -1.4556  127458.1  119160.2       0.0
 491    469642665 -0.7531 -1.6661  127418.4  119012.1       0.0
 491    464483929  0.0845 -0.7257  121322.6  119989.1       0.0
 491    469773792 -1.5342  0.8948  121807.4  119993.4       0.0
 491    469784660 -0.2023  1.5688  123362.9  120233.1       0.0
 491    469807468  0.8565  0.6530  121537.6  118625.7       0.0
 491    469846155  0.3862  1.3373  121639.3  121498.5       0.0
 491    469854438 -1.7342  1.1978  123174.2  121548.6       0.0
 491    469855390  0.3006  1.3953  123749.1  121661.7       0.0
 491    469866700  0.3756  1.5967  124947.4  121738.6       0.0
 491    452760210 -1.3905  0.5007  121799.9  119129.7       0.0
 491    452769683  0.4367  0.6502  123056.7  119327.9       0.0
 491    452905348  1.9659 -0.1441  124928.9  120872.0       0.0
 491    452937299 -0.2438  0.0033  124886.6  121871.2       0.0
 491    470185434 -1.1791 -0.6114  124128.6  119529.7       0.0
 491    470316936  0.3895 -0.0134  122783.2  122551.1       0.0
 491    470328609  0.1659  0.8772  122913.9  122581.4       0.0
 491    453233556  0.7039 -0.5770  123014.9  118829.2       0.0
 491    453327157  1.3549 -1.5856  124572.2  120543.6       0.0
 491    470608295 -2.3252  0.1785  125986.4  118150.4       0.0
 491    464588274  0.7534 -1.0993  118495.2  119830.9       0.0
 491    447799568 -1.2826  0.2028  119974.5  120121.4       0.0
 491    447897383  0.7530 -0.6816  118537.4  120157.2       0.0
 491    464739027  0.3774  1.5019  118564.7  119363.1       0.0
 491    464750803  0.8737 -0.2935  120283.9  119138.4       0.0
 491    447987868  0.6429  1.6843  116794.9  118251.9       0.0
 491    448050716 -0.9479 -0.9220  118030.1  120874.9       0.0
 491    448052240  1.1894  0.5939  118342.9  120874.4       0.0
 491    448105806 -1.1986  1.0339  117135.2  118188.8       0.0
 491    464964448  0.6088  1.1758  121126.1  118348.8       0.0
 491    464999917 -0.2231 -2.1594  119594.3  119495.3       0.0
 491    465000800 -0.7416 -0.6721  118995.2  119437.2       0.0
 491    465034894  0.0418  0.5883  117786.1  120807.3       0.0
 491    448328248 -1.4108 -1.4821  119092.4  122620.9       0.0
 491    465227146  0.3003 -1.2747  117574.7  120045.9       0.0
 491    448397598  0.0051 -1.3511  119331.9  119850.6       0.0
 491    448604700 -0.0789  0.7557  120624.5  118003.4       0.0
 491    465463533  0.3092 -1.7493  120829.6  117875.2       0.0
 491    465714459 -0.4070  1.3754  115143.8  121729.6       0.0
 491    466044521  0.0242  0.2622  116096.9  118116.2       0.0
 491    449399147 -0.2717 -0.8310  116292.6  121049.9       0.0
 491    559053325 -0.6030  0.2545  130042.4  127618.0       0.0
 491    540363674  0.3183 -0.4933  128834.6  125066.7       0.0
 491    559122420 -0.9303  2.4936  130454.5  124892.4       0.0
 491    559149355  0.1450 -1.0658  128561.9  123694.9       0.0
 491    540495641 -0.3025  0.0714  126500.3  124257.1       0.0
 491    559282431 -0.2659  0.4376  130219.4  124163.2       0.0
 491    559293504  1.2916 -0.7112  126597.8  122710.1       0.0
 491    559293607  0.2632 -1.1026  127006.0  122838.9       0.0
 491    559320456 -1.5574 -2.3429  130306.7  123027.5       0.0
 491    540568556 -0.0482  1.8162  127042.0  123344.4       0.0
 491    540575618  1.6547  1.2336  128819.1  123525.6       0.0
 491    559388011 -0.7228  1.0434  126641.5  125826.6       0.0
 491    540646401  0.6025  1.2626  130173.5  125820.1       0.0
 491    540655100 -0.8637 -1.8375  127034.6  127073.2       0.0
 491    559482140  0.3587 -0.9358  129248.2  123144.0       0.0
 491    540847708 -0.7099  0.1356  128849.7  127030.3       0.0
 491    540876852  1.2096 -0.0513  130710.7  127153.1       0.0
 491    559667081  0.4172 -0.0986  127294.5  127613.0       0.0
 491    541021942  0.1714 -0.1540  130604.9  126492.2       0.0
 491    541039833  0.1943  2.3439  129558.8  126754.6       0.0
 491    559874980 -0.0454 -0.3307  130664.5  125348.9       0.0
 491    559875799 -0.3968 -0.5888  130771.4  125265.6       0.0
 491    541285653 -0.7209 -0.3303  123610.4  125040.5       0.0
 491    541310295  1.1233  0.5368  121670.6  123824.3       0.0
 491    560169250  1.2909  0.3196  121834.8  126437.7       0.0
 491    541365491  0.6407 -0.2509  125022.1  126661.3       0.0
 491    541416059  0.1907  2.2919  121501.0  124309.8       0.0
 491    560264182 -0.2702 -1.5563  124825.2  124230.7       0.0
 491    541485489  0.7582  1.5143  121945.5  123468.8       0.0
 491    560323840 -0.0635  1.3852  123278.2  123408.2       0.0
 491    560332532  0.8781  1.4603  124855.5  123345.2       0.0
 491    541678385  0.3282 -0.4930  126095.1  124484.4       0.0
 491    541852549  1.3902  1.6587  125904.4  126154.4       0.0
 491    541853013 -0.6634  0.4263  125929.0  126068.4       0.0
 491    560835729  0.5579  1.7542  122754.7  126729.0       0.0
 491    560852356 -1.2231  1.1375  126106.7  125499.6       0.0
 491    560880994 -2.4127 -0.5776  122580.6  125417.2       0.0
 491    560969862 -0.2661 -1.0277  122184.2  122791.8       0.0
 491    554687333  1.9624 -0.2338  117080.2  127279.9       0.0
 491    554704160  0.7320  1.0547  118437.9  127596.8       0.0
 491    554705391 -1.4063  0.8343  118190.8  127267.8       0.0
 491    536278340 -1.7742 -2.5498  119785.1  127521.9       0.0
 491    554778942 -0.7820 -2.6949  116986.2  124875.6       0.0
 491    555048068 -0.1012  1.1614  116678.6  124540.9       0.0
 491    555131608  2.4095  1.7962  117121.5  127120.3       0.0
 491    536706209 -0.2214 -0.9227  118999.6  123256.5       0.0
 491    537001408  0.4343 -0.9951  117529.5  123614.3       0.0
 491    555513711  0.2998  0.5278  119170.8  123666.9       0.0
 491    555559210 -0.0193 -1.7288  119380.9  126666.9       0.0
 491    555574957  0.0785 -1.5000  117631.5  126656.7       0.0
 491    537159345 -0.7013  1.9284  119325.9  124241.1       0.0
 491    556068596 -0.7065  0.8038  115316.9  122824.1       0.0
 491    556315189 -1.1459  0.2770  116177.0  124570.2       0.0
 491    556584858 -0.0477 -1.3977  115585.5  124866.5       0.0
 491    556584733 -0.5522  1.0962  115725.8  125142.8       0.0
 491    538236708 -1.2151  0.4576  116017.1  122853.2       0.0
 491    542127141  1.1046  1.5224  128304.4  132442.6       0.0
 491    542127122 -0.0432 -2.3332  128724.0  132503.7       0.0
 491    561088775  0.9067  0.2631  128151.0  130004.5       0.0
 491    561134605  0.2016  1.9104  128689.3  128716.1       0.0
 491    561144800 -0.6103 -0.6543  129677.6  128704.9       0.0
 491    561183246 -0.4811 -1.5123  129996.2  131733.4       0.0
 491    542289255  0.2666 -1.0401  130255.3  131626.5       0.0
 491    542298412  0.5890 -0.8437  126573.2  130457.4       0.0
 491    561363639  1.2511  0.1917  126693.8  130834.3       0.0
 491    542486383  0.0841 -0.0254  130123.4  130667.6       0.0
 491    542528862  0.4258 -0.1767  127786.2  128342.2       0.0
 491    561576432 -2.1726 -2.7891  130740.3  130663.2       0.0
 491    561655878  1.1048 -0.5530  128955.9  132500.6       0.0
 491    561748688 -1.1864 -1.8717  127430.9  128762.8       0.0
 491    561839417  0.6723  1.9294  130738.8  130366.7       0.0
 491    542927613 -0.2898  1.9745  127483.6  130544.7       0.0
 491    543052239 -0.6246 -0.3615  123411.1  132563.9       0.0
 491    562103467  0.0981  1.7472  123142.5  128996.1       0.0
 491    543156872  1.1039 -0.5946  125150.3  128740.8       0.0
 491    543211810  0.6421  0.9776  123264.4  130367.9       0.0
 491    562187022 -1.5237 -0.7135  125032.4  130378.5       0.0
 491    562201397 -1.3344 -2.2268  121334.9  128961.3       0.0
 491    543272795  0.9885 -0.3627  121615.9  127821.8       0.0
 491    543284286 -0.0683  0.8731  123342.4  127923.4       0.0
 491    562249814 -0.8966 -0.7642  123120.6  127993.3       0.0
 491    543341968 -0.6964  0.4957  123607.2  129543.6       0.0
 491    543378583 -0.6663  1.6531  124741.0  130945.2       0.0
 491    543388984  0.7831 -0.8749  122128.6  131952.1       0.0
 491    562384222  0.2565 -0.6053  124772.9  131898.6       0.0
 491    562408204  1.0706  0.3998  123983.6  128485.2       0.0
 491    562523623 -1.9188 -0.7749  125709.9  130999.8       0.0
 491    562571742  0.5452 -2.0899  125691.8  131827.4       0.0
 491    562594201  0.8627  1.4562  122494.4  132657.8       0.0
 491    562608033 -0.0872 -1.0496  124425.7  132329.2       0.0
 491    543660445  0.1597  2.4264  125600.8  131411.4       0.0
 491    543734499 -0.2008 -1.2585  125897.1  128847.1       0.0
 491    543817732 -1.0868 -0.1220  122663.1  130324.0       0.0
 491    543817805  0.2110  0.9093  122086.2  130410.9       0.0
 491    543818427 -0.6769  1.5361  122724.7  130401.3       0.0
 491    543882408  0.5830 -0.7347  125890.1  127852.2       0.0
 491    543892128  0.5685 -2.0824  124543.0  127786.2       0.0
 491    556995672  1.5595 -1.2165  120201.4  129791.9       0.0
 491    557048382 -1.2921  1.3752  116462.5  131546.0       0.0
 491    557058921  1.3739  2.1658  118301.6  131529.4       0.0
 491    557171400  0.1068 -1.2041  116491.4  127638.7       0.0
 491    538578504  2.2234 -0.2847  120189.9  128089.2       0.0
 491    538614727  0.3948  0.8824  116829.3  129535.6       0.0
 491    557263675 -0.9786  1.0797  116857.5  130769.7       0.0
 491    538692607  1.0092 -1.3041  118667.0  132112.6       0.0
 491    557338045 -0.3213  0.0901  117869.5  128290.2       0.0
 491    557356571  0.2438 -2.3756  119528.4  128101.7       0.0
 491    557512412 -0.9585  1.8031  119645.4  131981.8       0.0
 491    538875943  0.1632 -0.1303  119169.5  132218.8       0.0
 491    557513192  0.9280  0.0074  119380.3  132184.6       0.0
 491    538891279  0.2175  0.2906  120559.9  132218.5       0.0
 491    538912457  0.1497  0.7492  117621.1  132372.8       0.0
 491    538929602  1.0229  1.0587  119556.6  132563.1       0.0
 491    538929333 -0.0218 -1.5564  119241.4  132465.2       0.0
 491    557569911  0.3411  2.1897  119613.1  132700.9       0.0
 491    557585113 -1.0283  0.8252  119111.7  132300.6       0.0
 491    557632839  0.9838 -1.5937  117986.4  130043.2       0.0
 491    557664571  2.0110  0.9878  121215.7  129998.2       0.0
 491    557701530 -0.1948 -0.5528  120720.2  128939.3       0.0
 491    558097431  0.7050  1.1281  115078.0  131515.7       0.0
 491    558477679 -2.3406  1.3487  116302.6  129442.3       0.0
 491    539942909  1.5297  1.0963  116300.7  132584.1       0.0
 491    539983254  0.7439 -1.2644  116252.4  131395.5       0.0
 491    651372445  2.0579 -0.8143  130171.7  134949.6       0.0
 491    651373639 -1.1365 -0.5687  129681.8  134943.9       0.0
 491    651508381 -0.2459  1.8463  128309.0  134118.4       0.0
 491    651572784 -0.9629  0.3535  126501.7  133294.3       0.0
 491    631284767  0.7020 -2.5432  128423.8  134582.4       0.0
 491    631296033 -1.2609  0.2611  130112.5  134798.5       0.0
 491    651716866 -0.4230 -2.6848  128980.7  133291.5       0.0
 491    651716943 -1.2434 -1.1202  129153.5  133324.3       0.0
 491    631400222  0.1283 -0.2329  130867.0  133548.6       0.0
 491    631819338 -0.1372 -1.4759  127042.0  134141.2       0.0
 491    631841628  0.1170 -0.2575  129349.4  132809.6       0.0
 491    652320931 -0.0633  0.7818  121730.2  134779.6       0.0
 491    652354327 -0.6937 -2.9071  121357.9  133656.2       0.0
 491    652728236  0.8667  0.8537  125726.4  133319.9       0.0
 491    653051428  1.1037  1.9634  124227.0  133717.9       0.0
 491    653210436 -0.9608 -1.9144  124096.4  133917.2       0.0
 491    653270882 -0.7982 -0.9932  122820.0  133057.6       0.0
 491    627429491 -0.3651 -0.6590  120590.4  133191.0       0.0
 491    627474177 -1.1671  2.0573  120928.8  134646.4       0.0
 491    647782439  1.5821 -1.4250  119225.6  133558.2       0.0
 491    627888243 -1.4252 -2.5157  117886.2  134013.9       0.0
 491    255535584 -0.6706 -0.4418  129934.7  121767.6       0.0
 491    255542341  0.4040  0.1297  126421.6  120641.9       0.0
 491    255563862  1.7397 -5.4125  126437.9  119034.3       0.0
 491    255646930 -1.7260 -6.7428  128763.0  120534.1       0.0
 491    255664123  0.5448 -0.4576  128172.9  121978.7       0.0
 491    140448460 -0.8515  0.1056  128094.1  121867.9       0.0
 491    255675854 -3.7418 -0.3657  127297.2  118146.7       0.0
 491    255693422 -0.3850 -2.8919  131390.2  118201.4       0.0
 491    140483100  0.1826  1.4022  127209.0  120956.4       0.0
 491    255730618  0.7545  2.5568  129308.7  121130.3       0.0
 491    255782931  1.0978  0.4027  129531.3  122659.2       0.0
 491    255809111 -1.0007 -6.3386  131231.2  120977.6       0.0
 491    140538032 -1.1733  1.3601  127584.2  119853.3       0.0
 491    255830613  0.1095 -3.4570  130756.4  120004.9       0.0
 491    255866560  0.4915 -0.7499  129349.5  121730.3       0.0
 491    255921699 -3.7912  3.6302  127525.8  119240.6       0.0
 491    256042336 -0.9021  5.0693  121778.3  121908.1       0.0
 491    256047644  0.4404  2.5027  123188.0  121543.3       0.0
 491    256155174  1.4562  4.7617  125177.2  119624.5       0.0
 491    256160078  0.5000 -1.5920  121592.4  120580.2       0.0
 491    140753475 -3.1202 -5.6409  121581.5  122028.1       0.0
 491    256248085  0.1391 -2.2530  122403.7  120619.3       0.0
 491    256333635  0.2039 -3.0387  125827.4  121102.6       0.0
 491    138945266 -1.2450 -3.5653  118669.1  122351.8       0.0
 491    138960180  1.0518  6.8822  118044.3  121296.4       0.0
 491    253108119  3.2828  0.6455  116946.8  120108.6       0.0
 491    139021369  6.1391 -3.7649  116710.7  118903.9       0.0
 491    139025802 -3.6769  2.7557  118345.5  119232.0       0.0
 491    253208671  0.6836  3.8173  118629.6  119158.7       0.0
 491    253208188  1.3212  0.1216  118414.7  119170.5       0.0
 491    253230230  0.3549  0.8992  118344.8  117936.1       0.0
 491    253247529 -2.1294 -1.7253  116205.4  118261.0       0.0
 491    253322471 -0.1781  0.6782  118852.2  118474.6       0.0
 491    253379572  1.2206  3.1917  118930.6  121009.8       0.0
 491    253421091 -1.3173  0.8844  121056.6  122213.4       0.0
 491    139158219  1.9354 -2.6779  119262.3  122592.5       0.0
 491    253472450  2.9283  5.8944  117779.4  120318.2       0.0
 491    253590254 -5.2997 -3.2380  117621.4  118820.5       0.0
 491    253952043 -0.6034 -0.2289  115805.3  119403.0       0.0
 491    253953683  0.6741  1.8203  116328.7  119673.9       0.0
 491    139471121  1.1523  2.4388  115981.2  120871.4       0.0
 491    254092554 -0.2483 -2.4249  116206.7  119981.3       0.0
 491    254157325 -2.0574 -0.1633  116105.5  120530.7       0.0
 491    307182232  0.2360 -4.6030  130452.5  127407.9       0.0
 491    307194857  1.6268 -1.1678  126886.1  126222.7       0.0
 491    168877891  1.0870 -1.4832  128470.9  124984.0       0.0
 491    168913978 -0.0120  4.5519  126481.3  125269.9       0.0
 491    307453040 -1.0154  6.2430  127153.6  124956.9       0.0
 491    169014969 -1.2159  5.2699  129505.5  124738.4       0.0
 491    307486331 -1.0146  0.2608  129235.6  125900.1       0.0
 491    307704509 -1.5506  1.0213  130906.3  123155.4       0.0
 491    307891839 -0.6395 -3.8727  123519.4  122909.9       0.0
 491    307917191  1.4007  2.1504  125468.2  123499.0       0.0
 491    169310540  2.1416 -0.6705  125244.9  127201.9       0.0
 491    169311942 -0.2597 -1.7133  122255.4  123216.0       0.0
 491    169316772 -1.0161 -7.0608  123999.4  123387.7       0.0
 491    307990806 -0.0719  1.3051  126261.9  123521.3       0.0
 491    308118307  5.3719  0.6910  124301.3  126242.1       0.0
 491    308152380  0.7393  4.6467  122733.4  123929.8       0.0
 491    169426632 -0.8098 -4.4418  126188.7  126586.6       0.0
 491    308199858  0.1267 -3.6682  125637.8  125261.9       0.0
 491    308214977 -0.2219  5.5755  122793.7  125523.5       0.0
 491    304782915 -0.4993 -1.5364  117974.2  127551.0       0.0
 491    304907074 -0.4841 -4.2413  118501.9  125052.2       0.0
 491    167561232 -3.0260  0.3317  119957.5  125382.7       0.0
 491    167583841  0.5670 -1.9004  118383.0  122735.2       0.0
 491    305000109  1.2583  5.2628  120313.4  124993.3       0.0
 491    305019891 -0.7353  1.3082  120077.6  125805.8       0.0
 491    305041998  0.0816  3.9885  119967.9  127254.0       0.0
 491    305067259  0.4989 -0.9920  120614.7  123405.4       0.0
 491    305104958  0.6997 -3.3025  117799.9  125564.1       0.0
 491    167700631 -1.4349 -1.5512  117429.1  127358.9       0.0
 491    167700622  1.6343  4.3196  117373.7  127573.5       0.0
 491    167773638 -0.4446 -0.8587  119256.2  125589.1       0.0
 491    305346089  1.9648  0.9541  119148.2  123041.1       0.0
 491    167907938  0.5270 -0.4818  115437.0  124179.3       0.0
 491    167962974 -2.2562  0.5346  115059.8  127065.1       0.0
 491    168095759  0.0391 -4.7099  115744.4  126546.2       0.0
 491    169505005 -0.0519  3.2150  128590.8  131240.1       0.0
 491    308381893  1.9475  2.9116  128246.4  131565.4       0.0
 491    308381930  1.2311  5.6417  128118.4  131892.4       0.0
 491    308474083  1.2301 -2.2830  130465.2  128225.2       0.0
 491    308477312  1.0934 -1.8024  127032.0  129521.0       0.0
 491    169621010  0.2624 -2.2701  129733.8  130650.8       0.0
 491    169683819  0.3866  1.3044  127347.8  132043.3       0.0
 491    308624257  0.6748 -3.5915  129088.1  132061.5       0.0
 491    308712509  1.2348 -0.4579  129413.9  128719.9       0.0
 491    169744121  0.0510  0.5427  131240.9  128970.2       0.0
 491    169763650 -0.4352  0.4695  131013.5  130307.8       0.0
 491    169772408  0.6913  2.5456  127409.1  130517.1       0.0
 491    308816226  0.4217  3.5207  129350.9  128166.7       0.0
 491    169800375  0.6382  2.7250  127705.5  127923.2       0.0
 491    308839817  1.0290  3.6281  123326.4  132487.5       0.0
 491    169946583  0.6138  3.2778  125286.4  132249.9       0.0
 491    169969068  0.8920 -4.3161  124374.6  129652.2       0.0
 491    170021890  3.3737 -0.1498  125737.8  132585.3       0.0
 491    170036688  0.4761  0.8380  122805.7  129874.2       0.0
 491    309283520  0.2803  4.7843  122231.7  131743.7       0.0
 491    309307815  0.6919 -1.7063  122250.8  130421.9       0.0
 491    309349679 -0.1457 -1.0387  124345.5  128031.0       0.0
 491    306068144 -1.3114 -0.4273  118518.0  128850.3       0.0
 491    306147951  2.3094 -3.6580  120073.4  129180.8       0.0
 491    168269665 -0.4247 -0.1877  118240.4  127884.4       0.0
 491    306171941  0.5258 -1.9678  120270.8  127902.1       0.0
 491    306184846  0.0531  1.7050  118334.8  128201.3       0.0
 491    306547579 -0.4416 -0.7179  117242.9  127966.8       0.0
 491    168613176  1.8552 -5.2136  115459.3  128307.7       0.0
 491    168661659 -0.1675 -6.3159  115697.6  128067.4       0.0
 491    168742013  0.6604 -1.6230  116376.4  131342.5       0.0
 491    307032794 -1.0013  0.0865  115974.3  128718.4       0.0
 491    197912281  0.2138 -0.3130  130542.6  133985.1       0.0
 491    197981929  0.1714 -2.6043  130762.8  133465.5       0.0
 491    360610963  0.0653 -0.9251  128005.8  134400.1       0.0
 491    360759369 -0.3543 -0.3436  127748.8  133773.4       0.0
 491    360854134  0.2025  2.2606  127444.5  134106.7       0.0
 491    360876181 -2.0020  2.3214  127840.6  133013.1       0.0
 491    361037605  1.4408  3.4588  125497.0  134358.5       0.0
 491    198268716  0.2192 -2.1802  124748.7  134422.4       0.0
 491    361412962  1.3621  1.2432  124438.4  134073.6       0.0
 491    358136031  1.4161 -0.5648  116444.2  133068.6       0.0
 491    358232632  0.2553  1.6757  117267.8  134538.1       0.0
 491    358232603  0.9410  5.7478  118002.2  134651.7       0.0
 491    358240636 -1.2679  3.1820  119319.0  134755.9       0.0
 491    196729213 -0.1686 -3.6529  117392.1  133624.2       0.0
 491    358724324  2.9486  3.0076  115421.2  133420.7       0.0
 491    453457040 -1.4534  2.2215  126894.8  117718.3       0.0
 491    453536231  1.8666  0.7154  127002.1  115081.6       0.0
 491    470848734 -2.1263  1.1445  129932.7  116724.0       0.0
 491    471054509  1.5340 -1.2909  128832.0  115804.8       0.0
 491    453831490  1.6282 -1.2741  130382.8  115598.3       0.0
 491    471258078 -1.3974  0.4968  127112.8  116950.9       0.0
 491    471303858  0.5442 -0.3916  127398.2  117446.2       0.0
 491    471518524  1.3511 -2.5663  129404.0  115180.3       0.0
 491    454270995 -1.1432 -2.4074  127231.3  115531.5       0.0
 491    471707350  0.2001  1.8083  124952.3  116137.7       0.0
 491    471809146  0.6769  1.5766  123669.6  116732.8       0.0
 491    454527599 -1.8763 -1.1160  123585.7  116610.3       0.0
 491    454540449 -0.6259  0.9553  125453.9  116688.9       0.0
 491    454577717  0.2395 -1.6019  125547.1  115230.9       0.0
 491    472298586  0.3598 -0.4484  122500.8  117324.6       0.0
 491    472486175 -0.2508  0.3331  124622.6  116804.0       0.0
 491    449738210 -0.7990 -1.5924  118216.2  117394.9       0.0
 491    466734652 -0.3868 -0.9911  118842.9  116080.1       0.0
 491    449790457  0.0971  1.2849  119786.2  116102.5       0.0
 491    466870439 -1.6896  1.8765  116574.7  115314.0       0.0
 491    467299131  0.5881 -1.3704  118881.9  116857.0       0.0
 491    467314937 -0.2865 -0.2256  121043.0  116909.5       0.0
 491    450326586  1.2371 -1.8595  120654.0  116847.2       0.0
 491    467403379 -0.2690  0.6402  121298.8  116423.3       0.0
 491    450530073  0.9314 -0.0691  119492.3  116755.6       0.0
 491    451486184  0.1267  0.8786  116075.1  116546.6       0.0
 491    140311128 -1.0825  0.5229  126750.9  122241.8       0.0
 491    255437579 -3.4423 -4.0816  127954.0  122119.8       0.0
 491    140330925 -1.6412 -0.7586  128352.2  121375.1       0.0
 491    255477779 -0.3349  1.3462  127120.7  119874.2       0.0
 491    140343846 -5.1597 -2.0834  128132.5  119768.9       0.0
 491    140361473 -1.0693  2.9791  129928.6  118645.3       0.0
 491    255580156 -0.2293  1.6044  130138.8  119288.5       0.0
 491    140403441  0.9143  1.8484  127076.9  117871.7       0.0
 491    255596096 -1.8681  3.9052  128279.5  117905.6       0.0
 491    140433692 -0.2535  1.8798  126787.5  120960.1       0.0
 491    255655573 -0.7959  1.1266  130431.5  120807.9       0.0
 491    140444915  6.3710 -0.2919  127059.8  121905.9       0.0
 491    140448340  0.8029  1.8441  128701.0  122197.6       0.0
 491    255692910  0.4660  0.5451  131137.2  118197.0       0.0
 491    255692604  1.9641 -2.0612  130735.6  118156.2       0.0
 491    140483206  0.9432  5.0082  127984.6  121003.2       0.0
 491    255748079 -0.0992  1.9850  127439.8  122359.4       0.0
 491    255772400 -0.4823  2.9360  131162.7  122160.0       0.0
 491    255805130  2.7490 -4.3342  129628.6  121241.5       0.0
 491    255837436 -5.3645 -3.7028  127684.8  118523.4       0.0
 491    255857513 -0.3187 -3.3460  131355.9  121406.7       0.0
 491    140564313 -1.5671 -5.2909  130701.9  121670.3       0.0
 491    255858788  0.1654  0.7843  131054.0  121539.9       0.0
 491    140589131  0.1859  0.8134  127382.3  120541.9       0.0
 491    255905112 -1.7573  2.0728  130539.5  119148.6       0.0
 491    255968658  0.4262  1.2284  125015.2  122501.6       0.0
 491    256034961  3.2614 -2.9698  125116.3  118780.5       0.0
 491    140673855  1.6733  2.2321  121395.8  121728.9       0.0
 491    256068901  0.5293  3.4290  122996.8  120517.4       0.0
 491    256091345 -3.1151  4.5781  123094.9  119501.1       0.0
 491    256113326 -5.1750 -5.5893  122862.1  117738.2       0.0
 491    140716503 -0.3818 -4.8797  123245.9  117996.3       0.0
 491    140728396  3.2038  1.1707  123636.8  118477.3       0.0
 491    256144909 -0.4563 -0.9455  121950.6  119495.6       0.0
 491    256159854 -4.2533 -4.2270  121488.8  120653.2       0.0
 491    140750312  0.4108 -4.9890  125008.3  120787.9       0.0
 491    140789768  5.8838 -2.3759  126295.6  119583.2       0.0
 491    140789703 -1.1513  1.6532  125728.7  119416.5       0.0
 491    256265248  0.6759  5.3384  126162.7  120882.4       0.0
 491    256284807 -0.9443 -1.6340  123829.1  121862.4       0.0
 491    256291760 -0.8287 -4.1706  126012.9  121824.2       0.0
 491    140821733 -0.1087  2.2287  126302.6  122157.3       0.0
 491    140851346  5.2669  0.6972  122363.7  120053.8       0.0
 491    256463838 -0.2995 -0.4234  125728.2  117789.3       0.0
 491    256478549 -2.0993 -4.6351  122155.1  117807.7       0.0
 491    138945268  2.3679  5.2836  118772.9  122712.3       0.0
 491    138959817 -5.1247 -5.7225  117963.1  121256.1       0.0
 491    253093298  0.1781  1.1757  118752.8  121425.7       0.0
 491    138960047 -1.1873  1.5599  117999.4  121438.3       0.0
 491    253108106 -1.5161 -1.5235  116610.9  119908.9       0.0
 491    253116136 -0.3665  5.5745  117964.8  120045.4       0.0
 491    253122617  1.6935  0.0793  120325.4  120177.7       0.0
 491    138986682  0.5599  2.7498  118510.4  118590.5       0.0
 491    139025738 -4.4255 -0.8209  118528.0  119047.7       0.0
 491    139032228 -0.6260 -1.6746  120257.8  119363.6       0.0
 491    253230013 -0.6013 -3.3097  118422.3  117885.4       0.0
 491    139050159 -3.2314 -0.2245  118121.5  118393.1       0.0
 491    253274928 -2.0625  5.6728  116225.4  121079.7       0.0
 491    253281916 -2.5944  2.2674  118011.4  120924.2       0.0
 491    253332607  0.1572  1.9163  121168.8  118228.9       0.0
 491    139103561  0.4561 -0.4007  117756.6  119657.3       0.0
 491    139131152 -0.6433 -0.3200  120723.6  120887.2       0.0
 491    139142440 -2.0172 -5.3028  119360.8  121921.5       0.0
 491    253447625 -0.4225 -2.5815  120847.9  122345.1       0.0
 491    253462297 -5.9976  0.0783  119034.5  121210.4       0.0
 491    139173296 -0.2972  2.0499  119027.4  121374.7       0.0
 491    139183192  1.8793  3.9143  119618.9  119879.3       0.0
 491    253516581  0.1515 -0.9359  120699.0  121444.0       0.0
 491    139215334 -3.7576  2.4484  117817.2  121591.1       0.0
 491    253601924  0.5781 -1.6445  121079.6  117945.8       0.0
 491    253607187  0.3088  2.8481  119622.5  117975.3       0.0
 491    253642053 -1.5106 -0.8835  115019.6  122645.6       0.0
 491    253689636 -0.6085 -3.5038  115397.9  119801.4       0.0
 491    139453180 -0.2843  1.1156  115864.3  119734.3       0.0
 491    253984826 -0.8490  1.0346  115505.8  120697.5       0.0
 491    254014416 -3.3942  2.4588  115910.8  122134.6       0.0
 491    254122914 -2.9118 -5.1756  115895.4  121328.4       0.0
 491    139570855 -1.4656 -1.9791  116022.0  120420.9       0.0
 491    254186440  0.0118 -4.2679  115719.1  118872.5       0.0
 491    307181987  0.1551 -0.8847  130523.4  127222.2       0.0
 491    307181356 -4.2302 -1.4399  129596.9  127558.1       0.0
 491    168896218 -1.1879 -2.3695  129986.9  123616.8       0.0
 491    168937255 -0.2522  0.4825  130198.4  124154.2       0.0
 491    307346103  0.9571 -3.5691  130035.6  122835.9       0.0
 491    307354608  0.1746  2.9974  126988.8  123369.9       0.0
 491    307362935  0.3780  2.5081  130258.4  123332.0       0.0
 491    307391871  0.5147 -5.6726  128156.5  125665.4       0.0
 491    168991070  0.2973 -3.8166  130544.1  127132.8       0.0
 491    169014812 -1.2605 -5.8580  129355.4  124485.0       0.0
 491    169063087 -0.1386  0.8096  128897.6  127654.4       0.0
 491    169068253  0.3316 -1.8426  130603.7  127333.7       0.0
 491    307587367 -0.9767 -1.3190  129579.2  124906.7       0.0
 491    307694286 -0.4849 -1.4174  127376.4  124284.4       0.0
 491    169158894  0.4750  0.1753  128989.2  122976.2       0.0
 491    307743832 -0.1919 -1.7977  125351.8  127597.2       0.0
 491    169186491  0.9272  1.4677  123127.5  126330.9       0.0
 491    169195624  2.4885  2.2517  121693.2  125141.4       0.0
 491    169208489 -0.4684 -4.0895  121828.0  123534.4       0.0
 491    169225448  0.1662 -2.0497  123224.6  126784.7       0.0
 491    169239716  1.0126 -0.4288  123535.6  125416.8       0.0
 491    307861704 -0.5305  0.9870  121722.5  124385.8       0.0
 491    169248505  0.7982 -3.2913  121921.3  124137.4       0.0
 491    307868260 -0.5556 -0.2097  123260.3  124253.3       0.0
 491    307890962  0.4430  4.2173  123660.0  123284.5       0.0
 491    307925336  2.7706  0.7166  123872.8  124504.8       0.0
 491    169288124 -0.1355 -1.8118  124911.7  124479.9       0.0
 491    307972485 -0.4608 -3.3755  122790.8  123356.2       0.0
 491    307980514 -2.3254 -5.4563  124609.7  123026.5       0.0
 491    307994371 -1.2816 -6.1655  126153.2  123246.1       0.0
 491    308062747 -0.4203  5.3121  124001.1  127331.2       0.0
 491    308093353  0.8083 -1.1691  124252.4  127565.5       0.0
 491    308117958 -1.6116 -2.3510  124191.0  126144.6       0.0
 491    169400457  1.0496 -6.9190  122870.5  124971.8       0.0
 491    169400571  0.2708 -2.4312  122099.7  124883.6       0.0
 491    308146555  1.2066 -0.5396  125955.0  124907.1       0.0
 491    308165937  1.5634  6.1461  126007.1  124196.5       0.0
 491    169442079 -0.4169 -0.1077  126115.0  125538.9       0.0
 491    308237375  0.7772  0.6164  123924.2  124223.1       0.0
 491    308252453  2.1540 -3.1096  126007.7  122703.5       0.0
 491    308266566 -0.1313 -1.6812  122184.1  122698.3       0.0
 491    308266390  5.5905 -1.9345  122509.1  122809.5       0.0
 491    304776297 -1.2497 -1.0366  116645.9  127503.4       0.0
 491    167495936 -4.3901  1.6090  116489.0  126211.0       0.0
 491    167501315  0.5697  4.4284  118388.1  126162.9       0.0
 491    304874860  0.7166  3.8520  116377.9  126715.3       0.0
 491    167542143 -2.8135 -0.8829  118252.8  126447.7       0.0
 491    304906055 -0.4854  2.6062  118091.2  125306.7       0.0
 491    167565199  2.8631  6.8057  117067.6  124233.1       0.0
 491    304936385 -2.6768  0.0487  119596.2  124302.1       0.0
 491    304955215  0.7363 -4.6536  118752.7  122828.4       0.0
 491    304956916 -0.5235  1.3232  118403.2  122857.0       0.0
 491    304964399  4.3423 -0.9402  119933.1  122708.7       0.0
 491    167592860 -0.2407 -2.5684  117045.5  123470.6       0.0
 491    167601958  0.0669  0.4426  116596.9  124470.3       0.0
 491    305013530  0.1716 -3.9392  118677.9  125601.3       0.0
 491    167655293 -0.4848 -0.0415  117308.8  124376.4       0.0
 491    305087317  2.8539  0.1809  119319.5  124560.6       0.0
 491    167680787  1.0173  1.2298  121209.0  126007.6       0.0
 491    305133919  0.9938 -2.5690  117171.6  126950.7       0.0
 491    305143070 -0.4775 -0.8819  119466.4  126917.9       0.0
 491    305173955 -0.7199 -3.4893  118802.7  127516.9       0.0
 491    305180745  0.1561  2.5243  121037.7  127464.5       0.0
 491    167711737  1.3583  2.7556  120934.9  127353.5       0.0
 491    305283303 -0.6227 -1.6908  121069.7  125509.9       0.0
 491    305311548 -0.3963 -0.3114  121169.2  124257.4       0.0
 491    167795552  4.0087 -0.5941  117704.7  123964.6       0.0
 491    167795477  1.3272  4.3060  117778.4  124364.6       0.0
 491    305340304 -0.9955  0.9555  120776.5  122912.8       0.0
 491    305684903 -3.3654 -1.7504  115440.1  124524.5       0.0
 491    305780086 -0.3104 -2.5315  115771.0  127158.1       0.0
 491    305800613 -0.9198 -0.9205  115621.3  126304.5       0.0
 491    141000250 -3.8118  0.1042  126411.8  116650.3       0.0
 491    256615974 -3.7079  4.2182  126483.9  115736.3       0.0
 491    141083933  2.7412  1.0492  126584.9  116932.0       0.0
 491    256819460 -2.0966 -3.6317  129054.5  115844.6       0.0
 491    256839344  0.1034 -2.4796  127260.3  117091.1       0.0
 491    256846744 -2.3932 -3.1997  129253.0  116967.1       0.0
 491    256863546  5.0329  0.2009  127525.2  117511.1       0.0
 491    141212225 -0.7910 -0.8266  129620.2  116794.6       0.0
 491    257083061 -2.9396  3.7949  123507.9  116452.6       0.0
 491    257267327 -0.5733 -3.7311  123475.4  115761.7       0.0
 491    257272772  1.7192  3.4109  125092.4  116078.1       0.0
 491    257372694  0.5849  4.4353  126114.5  115909.5       0.0
 491    141502045 -2.5143 -0.4237  124547.9  116178.2       0.0
 491    141561765  0.9093 -3.1320  124699.5  115405.7       0.0
 491    254267957  2.0218  3.0198  116614.3  117705.6       0.0
 491    139639977  2.1359 -4.4890  120399.8  117249.1       0.0
 491    139840249  0.0058  0.4245  120948.3  117021.5       0.0
 491    139861340 -1.7296  0.1899  117956.2  116216.0       0.0
 491    139883496  0.7083 -1.7430  121142.6  115071.2       0.0
 491    140047934  0.6116 -0.9105  115521.4  115251.2       0.0
 491    140164535 -0.5556  1.3019  116073.5  115738.9       0.0
 491    255238238  1.8083  2.8763  115701.2  117609.2       0.0
 491    245085027 -1.0416 -1.6103  133448.2  118000.1       0.0
 491    260074260 -0.0522 -0.1132  131409.7  115317.8       0.0
 491    260145035  0.3768  0.5150  131398.5  117202.7       0.0
 491    260145019  0.2479 -0.2195  131780.2  117063.4       0.0
 491    260371114  0.6748 -2.2986  134953.6  116181.5       0.0
 491    260496216  1.7107  0.7422  133883.8  115054.7       0.0
 491    260579730 -2.3867 -0.7382  131986.6  117394.4       0.0
 491    260818075 -1.7857  1.6515  131861.8  117394.5       0.0
 491    260818263 -1.5692 -0.8889  131874.5  117140.8       0.0
 491    245885174  0.2443 -0.5729  132643.1  115870.8       0.0
 491    240508090  0.5887  0.1178  126360.5  117322.8       0.0
 491    255310250 -0.5106 -1.2591  129569.9  115284.3       0.0
 491    255455872  1.2091  0.8738  127633.9  115154.2       0.0
 491    255708806 -0.0178 -0.2300  129072.7  115764.3       0.0
 491    256703760 -1.4454 -0.0990  124102.6  117983.4       0.0
 491    256904500  0.1568 -0.2825  123774.8  115904.7       0.0
 491    169488643  2.7020 -1.3661  126624.8  132251.1       0.0
 491    169490827  0.4631  5.1958  128317.3  132393.5       0.0
 491    308287830 -2.8641 -1.8789  128272.0  132251.1       0.0
 491    308334506  0.8933  3.0037  128888.8  129945.8       0.0
 491    308366646  1.5440 -1.9800  129921.7  128688.5       0.0
 491    308375258 -0.6707  0.3969  126393.4  131587.9       0.0
 491    169564666  1.2279 -3.0179  129698.3  130495.2       0.0
 491    308419507  0.6466  3.5442  126988.2  129430.4       0.0
 491    169585409  0.8199  4.1494  128517.6  127877.2       0.0
 491    169606867  0.2534  4.8561  128748.7  129832.1       0.0
 491    308510072 -0.2506 -2.1088  130363.9  130770.3       0.0
 491    308657722 -0.2162  1.9361  130582.4  132684.2       0.0
 491    169706871  0.0969 -1.2599  131257.2  132279.1       0.0
 491    169767777 -0.7994 -5.3089  129331.2  130238.9       0.0
 491    308862818  0.7456  2.9148  123555.8  131521.0       0.0
 491    308876566  0.1021 -1.9481  122140.2  129924.4       0.0
 491    169845583  0.1435 -0.6915  121364.6  128857.8       0.0
 491    169845028 -0.2350 -1.2087  121861.0  128731.2       0.0
 491    308922232 -1.1869 -5.1471  121566.4  131324.1       0.0
 491    308941745  0.6114  1.4046  121540.2  130314.6       0.0
 491    169875335 -1.0049 -2.8878  123002.6  130213.6       0.0
 491    308956039 -3.1694 -3.5251  125324.8  130185.4       0.0
 491    169890126  1.2199  0.6979  123647.2  128968.3       0.0
 491    169893451  1.3631 -4.0647  125220.4  129003.7       0.0
 491    169893914 -0.8703  2.7877  125353.8  129182.2       0.0
 491    308993279 -1.1369  2.0521  123197.1  128149.9       0.0
 491    169913005 -1.6285 -2.5583  123603.8  128224.5       0.0
 491    309059937  0.6185 -2.1583  123646.8  132091.4       0.0
 491    169946152  0.3291  1.9179  124752.6  132160.4       0.0
 491    169969090  1.3533 -4.7216  124643.9  129656.7       0.0
 491    169974099  1.8635 -4.4658  125800.8  129423.2       0.0
 491    309113212 -0.9117 -2.8758  125544.5  129440.5       0.0
 491    169983520 -6.5106 -3.0226  124301.3  130677.5       0.0
 491    309199732  0.4286 -4.7176  122684.1  131206.7       0.0
 491    170046546 -0.6846  5.8257  126172.1  130179.5       0.0
 491    309243095 -1.1233 -5.3111  122320.2  128613.8       0.0
 491    170073033 -0.1128  0.4293  122113.8  131658.8       0.0
 491    309299846  0.9356  2.7709  123887.7  130401.7       0.0
 491    305990638 -4.2621  1.9957  116125.8  132480.0       0.0
 491    306000109 -1.2992 -0.9779  118300.2  132521.2       0.0
 491    306023129 -0.4209  0.3177  118401.0  131258.0       0.0
 491    168196294  1.0322  0.4864  117070.8  130058.9       0.0
 491    306076904 -0.2869 -1.8783  119645.8  128482.7       0.0
 491    168227960  2.5938 -0.9392  118019.2  131746.7       0.0
 491    168282512 -3.0097  1.1063  118576.8  128426.1       0.0
 491    168285288 -0.0334 -2.2026  120500.2  128217.2       0.0
 491    306192746 -0.4172  1.2239  117037.1  129762.3       0.0
 491    306193382  0.7678  0.3510  116683.9  129725.3       0.0
 491    168293077  4.7245  5.1692  120264.0  129625.1       0.0
 491    306203093  5.1325  3.1843  120702.3  129716.7       0.0
 491    306203585 -1.7944  2.2772  120010.9  129831.0       0.0
 491    168329195  1.6688 -3.0150  120825.9  128190.0       0.0
 491    306285406  0.8926  3.9655  119136.2  129717.8       0.0
 491    168340049 -2.8085 -2.0925  119389.4  129680.8       0.0
 491    168344428 -0.2912 -2.6632  121231.6  129355.9       0.0
 491    306310993  0.7102  0.8002  119007.0  130712.4       0.0
 491    306349675 -0.3002  1.1984  120726.1  132201.3       0.0
 491    168387748  0.1962  0.6191  119265.5  132633.3       0.0
 491    306379524  0.2742  0.4639  120722.2  132457.2       0.0
 491    306395697 -2.1720 -0.0209  118841.4  131188.5       0.0
 491    306395900 -0.5462  5.2094  119011.8  131399.8       0.0
 491    168404234  2.9519  0.1106  120985.7  131144.3       0.0
 491    306423715  1.6729  1.2900  121327.8  129875.2       0.0
 491    306430147 -1.1779 -2.7939  117606.3  128620.8       0.0
 491    168422780  0.8897  1.1362  117289.3  128859.1       0.0
 491    306484489  0.3758  0.2674  119155.1  130608.2       0.0
 491    168455978 -0.4539  1.1989  118811.2  130326.0       0.0
 491    168486831 -0.6324 -1.9424  119410.0  127680.5       0.0
 491    306549312  0.0283  2.8796  117418.2  128204.7       0.0
 491    306692647  3.1170 -2.2172  115387.9  130218.1       0.0
 491    306803235 -3.2645  2.1441  115101.2  130726.3       0.0
 491    168678128 -2.1552  1.5311  116196.4  129421.1       0.0
 491    168678427 -3.2449  0.2347  115917.3  129701.2       0.0
 491    306936964  1.5097  3.5466  115587.2  132175.9       0.0
 491    168770127  2.7105  2.8321  116000.0  128904.4       0.0
 491    307070071 -0.6277  1.7932  115652.9  130343.5       0.0
 491    197873970 -2.6578 -0.0044  130017.9  133843.0       0.0
 491    360470564  0.6724 -0.8503  126560.1  133998.2       0.0
 491    197917204 -0.3185  0.5586  127042.0  133164.8       0.0
 491    360500747 -5.4106  2.5378  128415.6  133251.4       0.0
 491    197926826  1.9425  1.4212  130067.5  132919.6       0.0
 491    197937995 -0.2540  0.8182  130357.3  133200.5       0.0
 491    360537658  0.1687  1.2666  128224.1  134424.2       0.0
 491    197944148 -0.4389  3.5427  128527.9  134771.1       0.0
 491    360542687 -1.8260 -2.5325  130382.0  134539.0       0.0
 491    360594032 -0.3000 -0.3473  128833.4  133180.0       0.0
 491    360595699 -1.6070 -0.1618  129399.2  133439.6       0.0
 491    197985837 -0.2348 -0.3724  127946.2  134624.7       0.0
 491    360611243 -0.0162 -4.7369  127359.4  134301.7       0.0
 491    197990915  0.8567  4.1157  129515.0  134757.5       0.0
 491    198067105 -0.1530 -1.2116  130567.3  134799.9       0.0
 491    198079842 -0.0754  1.0230  131128.9  133855.2       0.0
 491    198120675  0.2802 -0.3962  129099.5  134172.0       0.0
 491    360846768 -2.2222  5.8744  128910.5  134374.1       0.0
 491    198259102 -0.0975  1.0912  124904.2  133325.5       0.0
 491    361083696 -0.8253 -2.7249  122066.6  134352.5       0.0
 491    361090766  0.7991  0.7526  123556.7  134430.9       0.0
 491    198298775 -0.5389 -4.7709  123948.0  133151.9       0.0
 491    198393728 -2.8711  0.1711  124026.2  134989.6       0.0
 491    361334575  0.4614 -0.0698  124197.8  133858.5       0.0
 491    198406600 -0.4410  3.6470  124020.9  133933.6       0.0
 491    198465779 -0.2148 -3.1497  125942.6  133062.9       0.0
 491    198474241  0.8147  3.1482  122289.9  132920.2       0.0
 491    361447428 -3.5598  0.7722  122769.9  133121.5       0.0
 491    196561076  0.3684  1.4790  118643.0  134037.1       0.0
 491    196569950  3.1721 -4.4374  116562.7  132986.3       0.0
 491    196569939  3.0744 -1.7816  117038.8  132842.8       0.0
 491    358118982 -0.3554 -4.0718  118312.6  132730.3       0.0
 491    358144272 -0.7579  1.3007  119723.6  133387.5       0.0
 491    358144283 -3.5640 -4.0551  119813.1  133362.4       0.0
 491    358160424 -0.6456  1.0173  119867.3  134586.4       0.0
 491    358203984  2.9981  1.6786  117838.0  133175.2       0.0
 491    358395378 -4.8126  2.4885  118928.2  133686.9       0.0
 491    196797662  0.8201 -2.1699  119317.3  132704.4       0.0
 491    196802657 -1.7186  1.1899  117745.0  132940.6       0.0
 491    358801403 -0.7211 -0.3317  115738.1  133355.5       0.0
 491    358804090  0.3740  1.8038  116430.6  133290.5       0.0
 491    358830222  0.0507  3.8180  116073.5  134849.4       0.0
 491    358971725  0.8375 -0.6891  115907.8  134903.2       0.0
 491    358971911  4.3172  0.1676  115789.7  134831.7       0.0
 491    140943912 -1.0806  0.1798  126391.1  117241.0       0.0
 491    140954573  0.0024 -1.0874  129856.0  117526.0       0.0
 491    141000708  0.2417 -3.4632  126846.0  116436.2       0.0
 491    256633823 -0.0388  1.6079  130238.0  115466.9       0.0
 491    256633864  0.7786 -2.8622  130259.8  115473.9       0.0
 491    141177287  0.3464 -1.9959  130961.5  116198.8       0.0
 491    256948992  0.2972  4.1066  130612.0  117004.2       0.0
 491    256958337 -2.1994 -3.0386  129164.1  116371.1       0.0
 491    141211987  0.3413 -1.0632  129114.6  116735.8       0.0
 491    141217712 -2.1108  0.9246  127921.7  116519.7       0.0
 491    257060057  0.0338 -1.3052  123578.8  117324.4       0.0
 491    254261078 -1.8390  0.4139  121256.9  116235.6       0.0
 491    257143263 -0.3040  1.7029  121555.5  116727.7       0.0
 491    257149461  2.8979  4.7899  123722.3  116763.8       0.0
 491    141397564  0.7868  0.4604  123429.3  115932.3       0.0
 491    141411467  0.0102  3.7198  124955.0  117059.5       0.0
 491    257355117 -3.3669 -0.7455  122491.9  115741.9       0.0
 491    257372818 -0.9568  2.8384  125990.0  115736.8       0.0
 491    141514265  0.2154 -1.0062  124237.1  115038.3       0.0
 491    257475280  0.7976  3.2706  126218.3  115177.6       0.0
 491    141561121  0.1171 -3.1018  124580.2  115562.0       0.0
 491    254267709 -0.0099  4.0240  116468.0  117688.6       0.0
 491    139692317  0.3476  0.4433  118031.6  116601.2       0.0
 491    254371313  0.8106 -0.0441  118636.2  116534.7       0.0
 491    254486104 -0.5578  3.6130  116788.6  115881.7       0.0
 491    254499719 -0.1485 -1.0240  119889.5  115829.5       0.0
 491    139771741  0.1700 -2.8922  116987.7  116944.1       0.0
 491    254518932 -0.0333 -1.8111  120467.0  116807.8       0.0
 491    254518589  0.8649 -3.2593  120219.2  116854.2       0.0
 491    139835241 -4.1472  2.4332  118946.0  117090.1       0.0
 491    254620775 -0.6212 -2.5732  119643.4  116784.8       0.0
 491    254659373 -0.0138  1.8143  121071.9  117714.8       0.0
 491    254753457  1.0035 -2.2858  117626.4  116713.8       0.0
 491    254770510  1.8366  5.0757  118933.7  115760.6       0.0
 491    254887708 -0.6548  4.1261  115046.2  116385.0       0.0
 491    255080006  5.6216 -1.0250  115732.2  115903.8       0.0
 491    140164721 -1.6983 -2.2903  115923.6  115761.6       0.0
 491    140180821  2.2943  4.4941  116250.5  117026.5       0.0
 491    140198608  2.9124 -0.1091  115911.8  117486.6       0.0
 491    255313993 -2.4583  0.2714  115744.2  116659.3       0.0
 491    246922621 -0.0728 -0.9880  131395.6  122954.4       0.0
 491    246935639  1.1610 -0.7117  133251.8  122934.7       0.0
 491    262000832 -0.6219  0.4642  134566.9  123113.8       0.0
 491    262001238 -0.6768 -0.6429  134902.3  122739.0       0.0
 491    247048159  0.0025 -0.4785  134612.9  119294.0       0.0
 491    247113848  1.4760 -0.6957  134927.1  120706.7       0.0
 491    262234256 -1.0836  1.9310  131776.9  118299.0       0.0
 491    247199177  1.8905 -1.3985  131331.1  118937.3       0.0
 491    247407823 -0.4027 -0.5257  132378.5  121403.8       0.0
 491    262623252 -0.0149  0.0912  133830.7  123001.0       0.0
 491    247581911  0.3444 -0.4406  132726.9  120470.7       0.0
 491    262840346  0.1536  1.3825  134216.6  121032.3       0.0
 491    257203813  0.4487 -1.2090  129732.1  119320.5       0.0
 491    257227643  0.2597 -0.7386  128327.1  122128.7       0.0
 491    242694553 -0.2664 -0.9095  126531.7  121140.9       0.0
 491    242711102 -1.3390  0.8688  128522.6  121382.7       0.0
 491    257450481  0.7723 -0.1160  128321.1  121275.4       0.0
 491    242872080  1.5934  0.1732  129557.6  121262.5       0.0
 491    257702171  1.7348 -1.8006  130516.4  122419.3       0.0
 491    243340321  0.3446 -1.2127  124615.7  121746.7       0.0
 491    258250187  0.3682 -0.0522  124750.5  121983.2       0.0
 491    243491010 -0.6332  0.1072  125031.1  121039.3       0.0
 491    258353063 -0.3922 -1.8555  121709.8  118392.3       0.0
 491    258496657  1.0528  0.6273  121872.2  122710.0       0.0
 491    243922304  1.3228 -0.8204  122384.2  123200.0       0.0
 491    244052306  0.4277 -0.1302  125763.8  119179.4       0.0
 491    244131017 -0.5539  0.2047  123688.6  120965.8       0.0
 491    312473502  1.1594 -0.6351  131215.0  127962.8       0.0
 491    298934841 -0.1195  0.1972  133299.2  126625.6       0.0
 491    298966713 -0.9582 -0.0385  133008.5  125647.9       0.0
 491    298985959  0.1289  0.9304  131665.0  124169.2       0.0
 491    317702795 -0.0211 -1.4925  134714.2  127016.1       0.0
 491    262975363  0.6626 -0.9748  131420.2  123172.0       0.0
 491    299138284  1.1528  1.9919  133376.3  123460.8       0.0
 491    299275274  0.1867 -1.5622  132179.9  123860.9       0.0
 491    299433190 -0.5990 -0.7003  134264.9  127489.3       0.0
 491    299433483 -1.2210 -0.3893  133812.1  127384.8       0.0
 491    299726681  0.7563 -0.3170  134129.5  124660.9       0.0
 491    299761168  1.4215 -0.4055  134119.4  123294.8       0.0
 491    294493224  0.2150 -0.7983  126894.0  123768.6       0.0
 491    312947115 -0.2723  0.0975  127348.9  123946.9       0.0
 491    313091956 -0.3658 -1.3985  130603.7  126196.9       0.0
 491    294749493 -0.5216 -1.8777  130579.7  126227.1       0.0
 491    313243821  0.0795 -1.3445  127582.7  125371.4       0.0
 491    313600005 -0.1526  0.6823  124845.0  126848.4       0.0
 491    295449993 -0.2723 -2.2177  125026.7  123464.2       0.0
 491    300691628  0.5976 -0.2330  131409.2  131926.7       0.0
 491    300705064 -0.3390  1.2814  133189.6  131618.2       0.0
 491    300727419  0.9832  1.1065  131487.0  130438.0       0.0
 491    319568404  0.3166 -2.7946  133199.5  129317.9       0.0
 491    300791274 -0.5184 -2.6012  134821.0  129027.4       0.0
 491    319608602  0.1978 -2.3996  133060.0  131860.8       0.0
 491    319650904 -0.1172 -0.7646  133486.1  130780.7       0.0
 491    300887302  0.3422  0.0790  133341.6  129709.0       0.0
 491    300887389 -0.0605  2.2300  133032.1  129730.3       0.0
 491    319778733  2.7402  0.1115  131698.9  130239.6       0.0
 491    301091899  0.8958  0.3744  134582.0  128693.7       0.0
 491    301212225 -1.2575  0.0777  132327.8  132397.5       0.0
 491    301226390 -0.9245  2.0409  133917.6  132772.9       0.0
 491    320402437 -0.5850 -0.5466  134130.5  128360.9       0.0
 491    314617103  0.2623 -0.7645  130414.1  132842.5       0.0
 491    296222056  0.6009  0.5643  126318.0  130498.1       0.0
 491    296424963 -1.3173 -0.3779  128622.3  128521.7       0.0
 491    296716719  1.3729 -0.8026  127286.0  132560.7       0.0
 491    315394330  2.3455 -0.7575  131247.6  132217.4       0.0
 491    315560971 -0.0072 -0.3318  130428.4  128282.4       0.0
 491    315601188 -0.5787  0.3080  121950.3  133309.4       0.0
 491    315618557 -0.2568  1.0591  123050.4  133238.8       0.0
 491    315860340 -1.6071  0.0699  125244.8  129620.5       0.0
 491    297767715  0.6485 -0.0097  122240.1  132087.1       0.0
 491    348699457 -0.0498 -0.8232  131403.8  133290.7       0.0
 491    348709579 -1.7744  0.0380  133155.8  133239.2       0.0
 491    370972119 -0.9776 -1.9262  133653.3  133925.6       0.0
 491    348738430 -1.4545 -0.1502  133435.5  133675.5       0.0
 491    348845162  2.4530  1.2521  132405.3  133913.4       0.0
 491    371420948 -0.0359  2.2968  134415.6  134162.3       0.0
 491    371597280  1.0378  0.0270  133825.0  133313.1       0.0
 491    371601690 -0.7307  1.3685  134182.6  133586.4       0.0
 491    371605055  0.5082 -0.3891  134495.7  133279.2       0.0
 491    371613813 -0.6133  1.3392  132859.8  133650.0       0.0
 491    344508688 -0.1356  0.4652  128780.3  133388.5       0.0
 491    344677456  0.7496  0.2285  123468.8  134445.0       0.0
 491    344850523 -1.7923  2.2482  124985.4  133744.7       0.0
 491    260050037  0.6002  0.8540  132841.1  116593.8       0.0
 491    260061065  0.9887 -1.9273  134965.0  116470.3       0.0
 491    245147737 -1.3623 -1.7575  131670.4  115285.9       0.0
 491    245159640 -0.7252 -0.9241  133440.4  115283.0       0.0
 491    260316712  0.4337  1.1481  131356.7  115275.1       0.0
 491    245452681 -0.9484  0.1873  132949.6  117687.5       0.0
 491    245528670  1.0798 -2.2321  132738.1  115047.8       0.0
 491    260496126 -0.2421  1.9087  134479.7  115321.8       0.0
 491    245568572  1.1656  2.2770  132714.0  116382.6       0.0
 491    255360432  0.7538 -0.4978  126170.1  117495.6       0.0
 491    242020118  0.8725 -0.8555  124071.8  117972.4       0.0
 491    256786669 -0.4269  1.2257  125920.0  115425.5       0.0
 491    262013649  1.2526 -1.8749  131508.2  121756.4       0.0
 491    246980610 -0.8329  1.0161  134800.5  121816.8       0.0
 491    246980615 -0.4216 -1.7274  134526.7  121553.8       0.0
 491    247002679  0.6050  0.9239  133250.4  120646.3       0.0
 491    247102874  0.3150 -1.1555  133499.3  121066.3       0.0
 491    247102935  0.3479 -1.6624  133262.0  120955.2       0.0
 491    262193748 -0.6142  0.8561  131198.8  119559.6       0.0
 491    262247963  1.1150 -1.1808  133136.9  118513.5       0.0
 491    247175616 -0.8662 -0.0029  133199.7  118283.7       0.0
 491    247220851  0.7406  1.1736  134847.8  118901.5       0.0
 491    262345273 -0.1718 -0.4295  132890.0  121463.6       0.0
 491    247300393  0.6203  1.4999  133158.0  122757.7       0.0
 491    262381955  0.0435  0.8551  133343.0  122619.3       0.0
 491    247364500 -1.1705 -0.8589  132641.9  120279.8       0.0
 491    262516653  0.5199  1.2967  134415.8  121238.5       0.0
 491    262516670  1.4164  0.6477  134505.4  121500.0       0.0
 491    262520480 -0.2658 -1.4225  133857.3  121248.4       0.0
 491    262558502 -0.9648 -0.0170  132302.9  122594.3       0.0
 491    262935655  1.2236 -0.0749  134242.4  118224.1       0.0
 491    247818001  0.6074 -1.1371  133914.4  118513.1       0.0
 491    258210458 -0.7272 -1.0285  125034.0  119411.6       0.0
 491    258638902 -0.2527  1.2382  125371.5  120304.9       0.0
 491    243900152  0.0714 -0.1315  125733.6  122427.2       0.0
 491    317605978 -0.9008  2.3091  131521.7  125483.4       0.0
 491    317691529 -1.2959 -0.9454  133407.1  126944.9       0.0
 491    317689854 -0.3210  0.8250  133266.9  127044.5       0.0
 491    317722034 -0.9022 -1.8118  131209.5  125950.3       0.0
 491    299083119  0.3084  1.2154  134973.0  125738.8       0.0
 491    317777473  0.7524  1.2672  134686.7  124468.3       0.0
 491    317868673 -1.4413  0.2095  133463.5  125037.9       0.0
 491    299257252 -0.1545  1.4102  133339.6  127535.6       0.0
 491    299276732 -0.0160 -1.3348  132431.8  123783.9       0.0
 491    318015580  0.5496 -2.5400  134536.5  124831.5       0.0
 491    299365001 -1.9341 -2.0654  132244.0  126240.1       0.0
 491    299490126  0.3400 -0.8042  133994.8  127966.9       0.0
 491    299595580  1.4573 -0.4582  134431.5  124144.5       0.0
 491    299635805  0.3229  1.3061  134396.2  127200.9       0.0
 491    318436804 -1.0373 -1.0507  133656.2  124763.7       0.0
 491    299727036 -2.1227  0.2411  134112.5  124792.9       0.0
 491    312645491 -0.4330 -1.8182  126313.6  127110.9       0.0
 491    294427080  1.6011 -0.8904  128628.5  124812.7       0.0
 491    312924451  1.1763 -2.5050  128231.6  127336.7       0.0
 491    312952917  0.5085  1.2145  127555.9  123721.7       0.0
 491    313064080  0.0038 -0.1912  129444.7  126514.8       0.0
 491    313339608  0.6559 -0.2378  128745.8  127031.3       0.0
 491    313366403  0.7129  0.5813  127353.9  127044.1       0.0
 491    295142788 -1.0691 -1.3218  127606.2  123500.2       0.0
 491    295457749 -0.7684 -0.3457  125380.9  123398.7       0.0
 491    296020266 -0.5064  0.5310  122088.5  125786.6       0.0
 491    300655680  0.1786 -0.3533  131380.1  132912.0       0.0
 491    319539028 -0.6094  0.1806  134574.4  130634.8       0.0
 491    300763143 -1.3229 -1.9565  131888.7  129213.4       0.0
 491    300763144 -0.0793 -0.9474  131584.0  129340.6       0.0
 491    300815636 -1.0336 -0.5231  133141.5  131910.6       0.0
 491    319723997  0.8249 -1.1470  133380.2  128490.6       0.0
 491    319778138 -2.1006  1.7968  131456.7  130034.6       0.0
 491    300985260 -0.0955  2.4440  133009.3  129980.2       0.0
 491    301066704 -1.2175  1.2612  134736.6  132474.0       0.0
 491    301159411 -1.7734  1.1363  132742.7  131382.0       0.0
 491    301212221 -1.7052  0.9395  132289.6  132751.8       0.0
 491    301212268  1.1316 -0.7502  132487.5  132352.0       0.0
 491    320204501 -0.7213  0.8912  134486.2  129385.7       0.0
 491    301482729  0.2364  0.4961  132659.0  130686.9       0.0
 491    320420774  0.2350  1.4110  132437.5  128262.6       0.0
 491    296342427  0.6546  0.9818  128171.4  130997.0       0.0
 491    296820337 -0.0701 -0.6814  130651.3  131559.4       0.0
 491    296868362 -0.1208 -2.2910  127361.1  129298.2       0.0
 491    315646506  1.6697 -1.9829  121854.7  131683.0       0.0
 491    297186504 -0.5765  0.2888  124860.0  130571.5       0.0
 491    315854700  0.2266  0.7523  123451.4  129853.3       0.0
 491    315905182  0.3387  0.3372  124675.9  128444.4       0.0
 491    316221024  0.7417  0.5907  122776.2  132720.0       0.0
 491    348699516 -1.8996 -1.7842  131435.7  133336.8       0.0
 491    139223480 -0.4911 -3.2514  134895.6  117760.5       0.0
 491    139269575  2.1011  2.0951  134755.5  115517.6       0.0
 491    139396095  0.1379  1.5101  131820.2  115217.9       0.0
 491    139438248 -0.2781  4.4746  133170.8  117569.0       0.0
 491     83490422  0.0968  2.0661  134394.5  117405.5       0.0
 491    139668338 -2.7449 -1.2712  131820.1  116954.7       0.0
 491     83573212  0.3163  2.7776  133705.9  115826.0       0.0
 491     83940946  1.2624  3.9471  133194.6  123074.2       0.0
 491     83940860  0.0299 -0.3358  133205.7  122925.5       0.0
 491    140388034 -0.8159  0.8935  134954.6  119146.9       0.0
 491    140500336 -0.0924  1.7804  131626.9  120055.2       0.0
 491    140523738  0.1520  5.2042  133299.9  121408.7       0.0
 491     84108126  0.5909 -3.5269  132307.4  121118.1       0.0
 491    140667665  1.4909 -5.0125  132125.5  122659.3       0.0
 491     84217411 -0.7833 -4.3495  132605.7  120862.5       0.0
 491    138465596 -3.3870  6.4581  124332.6  122814.0       0.0
 491    170382324 -4.8661  3.0199  133185.0  125648.2       0.0
 491    102035459 -0.4650 -1.6689  131998.6  124274.3       0.0
 491    102065964 -0.4950  1.2937  133342.9  126094.1       0.0
 491    170458561 -0.7304 -2.8734  134626.5  125645.9       0.0
 491    170464684 -0.8502 -1.2770  131427.1  124442.3       0.0
 491    102078230  0.1554 -5.6840  133503.8  124488.2       0.0
 491    170471447  3.5489  2.2339  133545.6  124559.5       0.0
 491    170524823 -0.0704 -2.5322  131658.0  124874.4       0.0
 491    170601161 -0.6493 -0.0227  132436.3  125109.3       0.0
 491    170654749 -0.6577  1.0179  132048.6  127819.6       0.0
 491    170839593 -5.6523  2.8639  134176.9  124802.4       0.0
 491    170869514 -0.0014 -3.9699  132835.3  123292.1       0.0
 491    168506249 -0.5681 -2.8681  122136.4  124049.2       0.0
 491    100971861 -0.5281 -3.4697  122585.8  124233.4       0.0
 491    171435197 -1.7725 -5.8543  134597.3  132546.5       0.0
 491    102663075 -0.5935 -4.1741  132925.8  129322.2       0.0
 491    171515355  3.3614  0.5910  131770.0  132096.5       0.0
 491    102712860 -1.1819 -3.6784  131789.1  128344.0       0.0
 491    171610278 -0.3838 -2.4394  132947.5  128770.6       0.0
 491    171626351 -1.4125  2.7733  133682.4  130014.9       0.0
 491    102761210  3.6102  0.5946  133776.0  132548.3       0.0
 491    102796358 -0.5358  0.5651  132553.4  131164.1       0.0
 491    171803903 -0.7518  1.4432  132582.3  131903.9       0.0
 491    171851940 -0.0980 -2.9781  133953.7  129194.8       0.0
 491    102891147 -1.0463 -4.1389  132097.2  132144.7       0.0
 491    314590125  0.8879  0.4352  128048.4  133182.7       0.0
 491    101220918  1.4507 -4.2686  129572.7  129874.4       0.0
 491    370793180 -0.0697  1.4812  133560.8  134242.0       0.0
 491    370919841  1.2178  1.6513  134885.3  134639.1       0.0
 491    348709580 -0.3348  0.0492  133466.0  133198.5       0.0
 491    348842624  0.0242 -0.6486  132295.5  133680.6       0.0
 491    371145735 -2.4912  1.4071  132357.5  134932.3       0.0
 491    371586911  1.5620 -0.0339  132679.4  134778.9       0.0
 491    371597242  1.3460  1.1980  134384.5  133506.9       0.0
 491    366231369 -0.0751  0.8742  131155.0  134399.5       0.0
 491    139214049  0.6413  0.9459  133507.4  118156.9       0.0
 491    139214459  1.1465  0.1386  133368.9  117881.2       0.0
 491     83312272 -1.8204  2.5682  133052.2  116814.6       0.0
 491    139302254 -0.1343  1.2408  132914.4  117375.6       0.0
 491     83427038 -1.3891  0.2801  131620.5  117481.6       0.0
 491    139534211  0.7917  3.4654  132687.5  117853.7       0.0
 491     83505487 -0.5210 -1.6903  132203.6  117852.8       0.0
 491     83573123  4.5236 -2.3494  134261.7  116040.1       0.0
 491     83578339 -0.5849 -0.6570  132433.7  115786.6       0.0
 491     81898427 -2.0800  0.8957  130438.6  118060.6       0.0
 491    137054362  6.2476  0.7140  125379.9  117470.6       0.0
 491    137441387 -2.9126  3.2200  121855.7  117275.9       0.0
 491    140313825  2.4980 -1.1870  133619.3  122901.5       0.0
 491    140373165  0.3290  3.9200  131960.6  119421.6       0.0
 491    140401936 -3.6300  6.2398  132935.8  122353.6       0.0
 491    140524485  0.3594 -0.5587  133118.0  121441.9       0.0
 491    140536442 -0.2681  0.4818  131913.7  122555.2       0.0
 491     84087907 -3.0032  1.4354  134475.5  118698.9       0.0
 491    140701916 -0.7413  0.4364  133785.4  121872.2       0.0
 491    140720953  2.6709  2.6998  134207.3  120706.9       0.0
 491    140735538 -0.7457 -2.9104  132404.1  119010.6       0.0
 491     84182660 -0.7272  0.4730  134422.4  119081.0       0.0
 491    140780399 -1.5077  0.2694  132353.3  122134.2       0.0
 491     84212138 -0.4252  1.4200  134323.2  121118.8       0.0
 491    140805065 -0.0249 -2.1943  132010.6  120799.1       0.0
 491     84235206 -0.7299  1.0772  132243.9  119721.7       0.0
 491    140858397  0.4763  5.8537  132162.3  118725.4       0.0
 491     82426853 -1.0890  1.0210  126574.8  119611.1       0.0
 491    137694151  1.9892 -0.2125  129909.9  119624.9       0.0
 491    137735994  5.4055 -2.1778  130490.6  118962.9       0.0
 491     82628823  0.0053  1.5769  129237.3  121130.2       0.0
 491    138076346 -3.7242  5.8797  128546.1  118769.9       0.0
 491     82718054  0.3677  0.1173  125078.6  119107.0       0.0
 491    138196592  0.6245 -1.2402  121363.0  122043.9       0.0
 491    199776675  0.0246  1.0933  132006.5  134223.7       0.0
 491    199988862  0.6997 -1.1859  134502.4  134890.0       0.0
 491    200214222  1.5638  6.3951  133941.6  134810.3       0.0
 491    102018731  1.4403 -0.4535  134654.4  126671.1       0.0
 491    170368488 -0.1862 -3.0854  134931.6  126610.2       0.0
 491    170411925 -4.4371  0.4356  134491.0  124077.7       0.0
 491    102099356 -1.0136  2.1678  131893.2  123899.1       0.0
 491    170537099  0.5061  2.2041  134750.0  125075.3       0.0
 491    170575105  5.6480  0.0687  132526.8  123813.2       0.0
 491    170610177  2.4944 -0.4902  134346.6  125071.5       0.0
 491    170626412 -0.0090 -6.1353  132831.9  126042.7       0.0
 491    170636958 -0.0181  3.1700  133838.2  126272.0       0.0
 491    170685849 -1.6956  5.0242  132414.3  128290.8       0.0
 491    102201960  0.0196  6.1742  132695.5  128111.6       0.0
 491    170712386 -2.7829  0.8800  132633.2  126995.9       0.0
 491    170734385 -0.2527  0.4037  132451.0  125495.7       0.0
 491    170734978 -0.3333 -1.8788  132138.4  125228.0       0.0
 491    170839176 -3.7216  2.9890  134245.8  124668.9       0.0
 491    170839151  4.2232  1.7119  134470.3  124539.1       0.0
 491    170861723  0.3501  1.3482  134341.4  123357.5       0.0
 491    100478098  0.4092  6.2834  128536.6  124714.1       0.0
 491    101010173 -1.4284 -0.2746  122260.6  126091.7       0.0
 491    171443810  0.8335 -1.9005  131592.4  131759.4       0.0
 491    102653194 -0.9307 -0.4087  134786.0  130591.8       0.0
 491    171498404  0.1453  0.3816  133335.4  129469.0       0.0
 491    171498464 -0.1115  1.6722  133404.1  129185.4       0.0
 491    171515132 -1.5990 -1.2323  131701.4  131881.0       0.0
 491    171522513  0.8660 -1.0820  133802.4  132157.0       0.0
 491    102676748 -0.1313 -4.1530  133654.8  132073.1       0.0
 491    102676769 -0.2574 -2.8059  133565.2  131952.2       0.0
 491    171545964  1.3873 -4.5003  133603.1  130882.7       0.0
 491    171619996  2.1435  1.2092  131374.5  130166.1       0.0
 491    171626357 -0.3509  0.4354  133455.9  130014.3       0.0
 491    102745197  0.0355 -2.0080  131910.7  131107.3       0.0
 491    171637964 -2.6686  2.2679  131483.9  131203.4       0.0
 491    102749534 -1.0587 -1.9370  133530.5  131438.3       0.0
 491    102756684  0.8849 -1.8303  131806.0  132592.9       0.0
 491    171683966  0.2982 -1.5962  134251.1  128784.6       0.0
 491    102786983 -1.1132 -0.6800  133772.1  130100.8       0.0
 491    171724462 -2.9357 -3.6777  132594.1  130965.1       0.0
 491    171762362  1.5950  1.0023  134404.4  132435.9       0.0
 491    200131436  0.0739  0.9171  132419.4  134145.4       0.0
 491    200214384  2.4550 -3.9957  134488.4  134533.1       0.0
