 73      2446265 -0.0629  0.7394  124932.4  125514.5       0.0  74      3331856 -0.0631  0.7329  125109.4  123425.9   -2835.8
 73      3127998 -0.3041  0.8785  124198.3  125826.6       0.0  74      3331864 -0.3050  0.8776  125064.2  123311.0   -2835.7
 73      3127846  0.1094  2.2948  125658.1  128108.1       0.0  74      3332005  0.1122  2.2933  125350.3  121601.5   -2829.5
 73      3127068 -0.5902  1.6845  125034.8  126633.5       0.0  74      3332055 -0.6119  1.7285  126745.0  121770.6   -2825.1
 73      2894881  0.2569  0.7644  125762.5  125186.8       0.0  74      3332068  0.2561  0.7617  125032.0  123011.0   -2835.0
 73      3127679 -0.0302  2.3959  125587.2  128850.0       0.0  74      3332150 -0.0379  2.2730  125677.8  122035.9   -2829.7
 73      2446535 -0.2727  0.8091  125487.9  126768.1       0.0  74      3332209 -0.2727  0.8033  126265.8  124466.9   -2834.8
 73      2663007 -0.3152 -0.9755  124921.8  122718.7       0.0  74      3332257 -0.3122 -0.9263  125843.9  125306.6   -2838.8
 73      3095852 -0.1728 -1.2320  125238.6  122642.5       0.0  74      3332285 -0.1721 -1.2192  125726.2  126093.5   -2841.5
 73      2677252 -0.3972  0.7144  125370.1  126604.6       0.0  74      3332325 -0.3997  0.7154  126498.0  124580.4   -2834.3
 73      2446485 -0.1279  0.4313  125532.7  126483.9       0.0  74      3332431 -0.1185  0.4383  125849.7  125183.5   -2838.4
 73      2677158 -0.6608  1.1906  124019.4  126199.9       0.0  74      3332486 -0.6559  1.1824  125897.0  122824.9   -2831.2
 73      2446003  1.3296  1.4248  127466.8  127660.0       0.0  74      3332627  1.4484  1.6068  123378.3  123629.1   -2842.7
 73      2446003  1.3296  1.4248  127466.8  127660.0       0.0  74      3332629  1.3432  1.4444  123648.0  123558.9   -2841.7
 73      2434294  1.6236 -0.8121  126394.1  122893.9       0.0  74      3332672  1.6405 -0.8210  121739.6  125219.6   -2849.3
 73      3126310  1.1851  2.1400  126974.4  127669.6       0.0  74      3332787  1.1850  2.1202  123552.6  121531.7   -2835.6
 73      2894001  0.8582  2.0636  126193.5  127675.6       0.0  74      3332820  0.8869  2.1333  123712.8  121713.5   -2835.6
 73      2677319  0.9345  0.9933  125911.1  125697.4       0.0  74      3332846  0.9220  0.9803  123268.2  122888.7   -2840.7
 73      3127975  0.9152  0.9739  125915.4  125701.7       0.0  74      3332846  0.9220  0.9803  123268.2  122888.7   -2840.7
 73      2677079  0.0936  1.2234  124841.4  125901.0       0.0  74      3333122  0.0945  1.2443  124573.6  122379.0   -2834.7
 73      2676912  0.3412  0.3543  125234.9  126259.0       0.0  74      3333126  0.3419  0.3498  124265.2  125263.3   -2842.5
 73      3095504 -0.0131 -1.5474  125032.1  123322.8       0.0  74      3356682 -0.0145 -1.5269  125072.4  127704.6   -2847.6
 73      3095197 -0.1883 -2.0417  124743.9  121878.6       0.0  74      3356686 -0.1910 -2.0403  125285.4  127689.3   -2846.9
 73      3095895 -0.4069 -2.3431  124222.2  121477.7       0.0  74      3356753 -0.4079 -2.3451  125367.6  128067.9   -2847.9
 73      2663566 -1.2788 -1.2022  122219.3  123216.7       0.0  74      3356824 -1.2624 -1.1903  125861.0  126648.8   -2842.5
 73      2677056 -0.5484 -0.8525  124542.5  124562.1       0.0  74      3356825 -0.5399 -0.8351  126069.3  126923.4   -2842.5
 73      2446276 -1.2144 -1.0847  122930.4  124203.4       0.0  74      3357032 -1.2127 -1.0675  126436.0  127291.3   -2842.7
 73      3095811 -0.1218 -1.4003  125531.8  123691.1       0.0  74      3357122 -0.1075 -1.4280  125861.9  127712.1   -2845.4
 73      2663413  0.4258 -1.8320  124617.8  123330.6       0.0  74      3357259  0.4217 -1.8286  123396.2  128590.8   -2855.5
 73      2663406  0.3183 -1.3003  125009.1  123547.3       0.0  74      3357292  0.3178 -1.2954  124095.8  127280.7   -2849.3
 73      2894945  0.6139 -0.9760  125869.3  124425.6       0.0  74      3357717  0.6085 -0.9661  124110.0  127221.6   -2849.1
 73      3128040  0.6384 -1.0165  125862.9  124436.1       0.0  74      3357717  0.6085 -0.9661  124110.0  127221.6   -2849.1
 73      3095441  0.0404 -2.4530  124940.8  122043.8       0.0  74      3357753  0.0475 -2.3267  124838.5  128679.7   -2851.5
 73      3095212  0.0481 -2.3357  124974.0  121977.0       0.0  74      3357753  0.0475 -2.3267  124838.5  128679.7   -2851.5
 73      2434985  0.3025 -1.2871  125517.2  124021.7       0.0  74      3357786  0.3556 -1.3374  124591.9  127764.1   -2849.2
 73      2663555  0.2313 -1.4622  125279.9  122279.2       0.0  74      3357808  0.2332 -1.4631  124626.4  126428.1   -2845.3
 73      2677136  0.0250 -0.5923  124149.8  124802.9       0.0  74      3357809  0.0249 -0.5851  124083.4  126457.1   -2846.7
 73      2434959 -0.5280 -0.9840  123596.8  123218.7       0.0  74      3532785 -0.5282 -0.9967  125100.6  126023.9   -2842.9
 73      2677100  0.0673  1.2405  125237.9  127320.1       0.0  74      3532900  0.0664  1.2321  125046.5  123772.7   -2837.0
 73      2677178 -0.8971  1.2248  124338.0  127191.8       0.0  74      3532909 -0.9076  1.2396  126902.4  123692.4   -2830.2
 73      2677302  0.1531  1.0227  125632.1  127027.5       0.0  74      3533022  0.1512  1.0182  125193.7  124107.6   -2837.0
 73      2677038 -0.6130  0.0741  124849.7  124415.3       0.0  74      3533027 -0.5942  0.0654  126562.6  124250.4   -2833.1
 73      2677222  0.0029  2.1158  125900.6  128943.5       0.0  74      3533075  0.0032  2.0796  125893.8  123004.2   -2831.7
 73      3127687  0.0020  2.0784  125900.5  128950.9       0.0  74      3533075  0.0032  2.0796  125893.8  123004.2   -2831.7
 73      2446369 -0.2766 -0.4439  125455.3  124791.1       0.0  74      3533156 -0.2788 -0.4473  126238.6  126038.7   -2839.6
 73      2894850 -0.7805  1.1555  123694.7  126596.0       0.0  74      3533214 -0.7940  1.1729  125926.1  123301.2   -2832.4
 73      2446246 -0.4012  0.6779  124521.8  126958.6       0.0  74      3533277 -0.4086  0.6885  125677.7  125007.6   -2838.4
 73      2894854  0.9074  1.3379  125872.1  126266.2       0.0  74      3533448  0.9148  1.3474  123257.7  122420.7   -2839.2
 73      2894890  0.8524  1.8686  125786.8  128278.0       0.0  74      3533584  0.8535  1.8729  123347.9  122936.5   -2840.6
 73      3126559  0.9979  1.7901  127251.0  126796.9       0.0  74      3533652  1.0061  1.8015  124420.1  121719.9   -2833.1
 73      2677157 -0.0704  0.9837  124030.5  125878.5       0.0  74      3533694 -0.0721  0.9857  124231.4  123089.4   -2838.2
 73      2446393  0.4703  0.7032  125870.8  126213.9       0.0  74      3533729  0.4640  0.6968  124550.4  124236.7   -2839.7
 73      2663004  0.6855 -1.1679  125111.1  122787.2       0.0  74      3533780  0.6812 -1.1649  123170.2  126098.5   -2848.4
 73      3095127  0.6983 -1.1880  125108.8  122790.8       0.0  74      3533780  0.6812 -1.1649  123170.2  126098.5   -2848.4
 73      2446374  0.3113 -0.4423  125739.6  124576.7       0.0  74      3533789  0.4185 -0.4936  124791.9  126053.1   -2843.7
 73      2894686 -0.0220  0.7794  124508.9  125942.5       0.0  74      3533831 -0.0229  0.7841  124572.9  123704.8   -2838.7
 73      3126789  0.6067  1.7639  124957.7  127678.6       0.0  74      3533926  0.6041  1.7622  123217.1  122621.4   -2840.0
 73      3094919 -0.8124 -2.0933  122967.2  122365.9       0.0  74      3545894 -0.7932 -2.0520  125263.1  128290.7   -2849.0
 73      3095982 -0.0764 -1.4746  125436.9  123083.4       0.0  74      3545924 -0.0778 -1.4572  125659.4  127282.1   -2844.8
 73      2662951 -1.2269 -0.7892  123086.6  124071.2       0.0  74      3546049 -1.2055 -0.7750  126543.9  126289.0   -2839.2
 73      3128042  0.2483 -0.8478  125733.4  124124.2       0.0  74      3546062  0.2547 -0.8766  125021.4  126573.9   -2844.8
 73      3095174 -0.8390 -2.1283  123089.3  121916.5       0.0  74      3546084 -0.8465 -2.1396  125494.8  127996.7   -2847.3
 73      3095604 -0.8105 -2.0996  123538.4  121075.7       0.0  74      3546330 -0.7997 -2.0635  125834.6  126992.3   -2843.5
 73      3094078  1.7784 -1.7213  128488.8  122102.0       0.0  74      3546696  1.7820 -1.7292  123484.5  126930.8   -2850.2
 73      2434845  0.2697 -1.5571  124499.0  122301.3       0.0  74      3546698  0.2690 -1.5678  123743.5  126690.3   -2848.3
 73      3094402  1.9891 -1.1125  127046.1  123735.7       0.0  74      3546761  1.9277 -1.0775  121379.7  126909.6   -2858.2
 73      2663580 -0.2447 -1.2080  124247.7  123320.3       0.0  74      3546777 -0.2474 -1.2140  124946.1  126748.5   -2845.5
 73      2881211  0.3778 -1.7604  125797.0  123036.3       0.0  74      3546809  0.3784 -1.7666  124729.2  128017.0   -2849.6
 73      2434960  0.0169 -1.3473  124344.8  123192.5       0.0  74      3546940  0.0148 -1.3110  124304.9  126982.0   -2847.9
 73      3096027  0.0151 -1.3269  124345.1  123188.1       0.0  74      3546940  0.0148 -1.3110  124304.9  126982.0   -2847.9
 73      2446560 -0.0700 -0.2792  124223.5  125559.4       0.0  74      3547034 -0.0720 -0.2783  124424.7  126346.9   -2845.5
 73      2434504  1.5178 -0.9872  127064.8  123419.1       0.0  74      3547048  1.5096 -0.9801  122705.1  126249.4   -2850.2
 73      2434225  0.3170 -1.2717  126244.2  122384.0       0.0  74      3762927  0.3208 -1.2832  125337.9  126010.5   -2842.3
 73      2434676 -0.5279 -0.7733  125175.0  123652.9       0.0  74      3762935 -0.5287 -0.7730  126663.4  125835.0   -2837.6
 73      3127509 -0.2259  1.3552  124327.9  127308.7       0.0  74      3762978 -0.2295  1.3694  124978.3  123418.8   -2836.3
 73      3125934  0.4649  1.7117  126315.0  127128.6       0.0  74      3763008  0.4576  1.6542  124992.8  122342.1   -2833.2
 73      3127660 -0.2659  2.3797  124211.0  129003.6       0.0  74      3763012 -0.2590  2.3157  124955.8  122311.4   -2833.2
 73      3126851 -0.4255  1.0730  125056.4  126354.6       0.0  74      3763373 -0.4285  1.0776  126271.7  123301.4   -2831.2
 73      3158791 -0.5255  2.6354  124507.7  129610.4       0.0  74      3763403 -0.5105  2.5632  125950.4  122368.6   -2829.7
 73      2894528 -0.9387  1.4183  123026.5  126477.6       0.0  74      3763404 -0.9372  1.4139  125692.2  122444.1   -2830.8
 73      2894351  2.2041  0.6998  128595.5  126519.3       0.0  74      3763566  2.3225  0.7158  122243.7  124500.9   -2847.2
 73      3126381  2.3362  0.7268  128892.8  126561.0       0.0  74      3763566  2.3225  0.7158  122243.7  124500.9   -2847.2
 73      3126147  1.1646  1.6806  127290.9  127261.6       0.0  74      3763622  1.1661  1.6811  123944.4  122429.8   -2837.0
 73      2446176  0.1937  1.5660  124501.0  127624.2       0.0  74      3763781  0.1940  1.5808  123939.4  123153.5   -2839.4
 73      2907200  0.4578  2.6617  126091.8  129482.9       0.0  74      3763850  0.4533  2.6456  124792.6  121937.8   -2832.5
 73      3094101  0.7863 -0.8937  126875.0  123273.6       0.0  74      3763963  0.7747 -0.8749  124661.2  125782.2   -2843.2
 73      3127277  0.3230  1.3970  125131.1  126171.8       0.0  74      3764031  0.3233  1.3927  124210.7  122208.0   -2835.4
 73      3157452  0.6488  2.5020  126542.6  129344.5       0.0  74      3764032  0.6445  2.4787  124703.7  122257.7   -2833.9
 73      2676401  0.5660  1.3104  126425.0  127797.9       0.0  74      3764070  0.5763  1.3324  124799.8  124034.7   -2838.4
 73      3127489  0.3791  1.2257  125427.8  125943.0       0.0  74      3764092  0.3788  1.2268  124356.1  122488.2   -2835.8
 73      3093549  0.4702 -1.9919  126482.1  122651.8       0.0  74      3780824  0.4797 -2.0107  125117.4  128405.9   -2849.8
 73      2434687 -1.4907 -1.7079  122944.9  122631.9       0.0  74      3780913 -1.4658 -1.6812  127190.0  127494.2   -2843.0
 73      2881218 -0.2560 -1.2421  124199.8  122916.7       0.0  74      3780935 -0.2556 -1.2544  124925.4  126426.5   -2844.6
 73      2677142  0.0805 -0.6414  125620.1  124920.1       0.0  74      3780952  0.0787 -0.6428  125397.4  126730.9   -2844.1
 73      3128035 -0.2907 -0.8801  125416.3  124441.9       0.0  74      3781034 -0.2965 -0.8932  126255.6  126969.4   -2842.0
 73      3095196 -0.3081 -2.5537  125127.8  121608.0       0.0  74      3781091 -0.3068 -2.5481  126017.7  128952.4   -2850.7
 73      3095578 -1.4354 -3.1244  121969.7  121114.1       0.0  74      3781279 -1.4440 -3.1477  126036.4  129952.2   -2854.5
 73      3095599 -1.2968 -2.4400  123919.2  120738.9       0.0  74      3781311 -1.2572 -2.3668  127542.1  127531.9   -2842.9
 73      4237399  0.0796 -2.4174  124297.8  121173.1       0.0  74      3781568  0.0814 -2.3994  124063.8  127967.1   -2851.4
 73      3095850  1.1007 -2.0446  126065.0  122374.8       0.0  74      3781640  1.0853 -2.0204  122968.4  128127.8   -2855.8
 73      2881211  0.3778 -1.7604  125797.0  123036.3       0.0  74      3781649  0.3702 -1.7364  124730.1  128012.2   -2849.6
 73      3519712  1.5312 -3.6411  127546.9  118912.6       0.0  74      3781672  1.4954 -3.5699  123260.9  129116.1   -2857.7
 73      2663451 -0.7481 -4.5222  123614.9  119410.0       0.0  74      3798288 -0.7268 -4.3814  125689.5  131901.6   -2862.8
 73      3096183 -0.7257 -4.3862  123609.0  119372.5       0.0  74      3798288 -0.7268 -4.3814  125689.5  131901.6   -2862.8
 73      3520725 -1.0706 -4.7502  123003.9  116995.1       0.0  74      3798768 -1.1526 -5.2809  126311.8  132204.0   -2861.8
 73      3126775 -1.0632  2.4839  122842.2  127608.7       0.0  74      4193735 -1.0591  2.4569  125822.9  120626.8   -2822.7
 73      3159544 -0.4811  4.5367  123921.4  132130.5       0.0  74      4407685 -0.4707  4.4261  125239.2  119633.0   -2820.5
 73      3159368 -1.2386  5.3342  122499.5  131647.4       0.0  74      4407720 -1.2110  5.1822  125947.4  116898.1   -2807.8
 73      3158216  2.4342  4.3008  129100.0  130662.6       0.0  74      4408103  2.4738  4.3510  122185.8  118465.4   -2829.0
 73      3975379  1.1771  5.7187  126754.2  133565.7       0.0  74      4408143  1.2070  5.8057  123436.6  117575.7   -2820.4
 73      3157545  1.2657  4.0565  126216.9  130955.3       0.0  74      4408389  1.3055  4.0898  122532.7  119307.0   -2831.1
 73      2434928 -1.1373 -1.3313  122384.8  122215.8       0.0  74      4417289 -1.1528 -1.3469  125651.5  126036.8   -2841.6
 73      2894148  0.4874 -0.4962  126424.4  124664.8       0.0  74      4417290  0.4823 -0.4911  125053.3  126058.9   -2843.1
 73      2434952 -0.3820 -0.3618  124241.6  123680.4       0.0  74      4417373 -0.3775 -0.3577  125327.2  124705.9   -2838.3
 73      3793779 -0.5847  1.3410  123202.7  127194.9       0.0  74      4417411 -0.5923  1.3622  124854.3  123371.2   -2836.7
 73      2677306 -0.4230  1.1843  124163.2  126981.1       0.0  74      4417418 -0.4246  1.1847  125364.6  123606.9   -2835.4
 73      3127610  0.3982  1.6843  126131.9  128330.0       0.0  74      4417420  0.4029  1.7055  124984.0  123484.7   -2836.5
 73      3126782 -0.8005  1.3915  124701.4  127564.4       0.0  74      4417426 -0.7963  1.3855  126986.6  123594.9   -2829.6
 73      2435047  0.2119 -0.7013  125696.2  123174.6       0.0  74      4417529  0.2153 -0.7038  125094.7  125168.0   -2840.2
 73      2434740 -1.1030 -0.7504  123491.5  123166.7       0.0  74      4417548 -1.1220 -0.7629  126629.8  125294.5   -2836.1
 73      2894526 -0.5654  0.8329  123448.1  126415.4       0.0  74      4417585 -0.5649  0.8287  125064.9  124028.5   -2837.4
 73      2894773 -0.3938  1.1837  123865.8  127199.8       0.0  74      4417595 -0.4034  1.2091  124988.7  123814.0   -2837.3
 73      3128231 -2.9716  1.2492  119825.3  127599.7       0.0  74      4417648 -2.9504  1.2447  128239.2  124057.8   -2827.4
 73      3127958 -1.6498  1.5473  122382.9  126968.6       0.0  74      4417683 -1.6429  1.5352  127095.0  122546.0   -2826.2
 73      2894934 -0.4271  0.9020  123821.2  125713.8       0.0  74      4417820 -0.4327  0.9095  125043.8  123137.1   -2835.3
 73      2677016 -0.7433  0.8976  124484.1  125440.9       0.0  74      4417834 -0.7417  0.8905  126595.6  122902.6   -2829.0
 73      3127679 -0.0302  2.3959  125587.2  128850.0       0.0  74      4417962 -0.0313  2.3915  125677.9  122032.3   -2829.7
 73      2894806 -2.6676  2.4352  122104.2  128923.4       0.0  74      4418004 -2.6574  2.4254  129657.3  122023.9   -2815.6
 73      2677307 -1.0411  1.4022  123523.6  126906.4       0.0  74      4418027 -1.0324  1.3936  126461.9  122948.1   -2829.6
 73      2894493 -0.3818  2.1272  124758.9  128898.6       0.0  74      4418031 -0.3785  2.1095  125834.0  122898.7   -2831.6
 73      2894585 -1.6727  1.0814  123028.6  126848.5       0.0  74      4418472 -1.6696  1.0761  127774.6  123782.3   -2827.4
 73      3159029  0.6926  2.9585  125405.3  129640.4       0.0  74      4419076  0.6729  2.8793  123470.3  121355.0   -2835.4
 73      3127920  0.5301  1.3469  125800.6  126950.6       0.0  74      4419373  0.5243  1.3354  124315.3  123173.3   -2838.2
 73      2676963  0.1544  1.8179  124565.7  128119.5       0.0  74      4419385  0.1546  1.8329  124127.0  122936.4   -2838.1
 73      3127783  0.4976  0.2856  125935.8  126345.6       0.0  74      4419493  0.5114  0.2901  124588.2  125465.6   -2842.3
 73      2434744  0.0037 -0.8541  124614.3  122961.7       0.0  74      4419497  0.0040 -0.8436  124605.7  125353.3   -2842.0
 73      3127783  0.4976  0.2856  125935.8  126345.6       0.0  74      4419499  0.5084  0.2884  124487.3  125519.1   -2842.8
 73      2662396  0.6014 -1.1950  126539.7  122313.2       0.0  74      4419579  0.5937 -1.1766  124829.4  125704.2   -2842.5
 73      3094057  0.6205 -1.2313  126535.8  122320.8       0.0  74      4419579  0.5937 -1.1766  124829.4  125704.2   -2842.5
 73      2446572  0.5279 -0.6108  126018.1  124257.0       0.0  74      4419585  0.5441 -0.6319  124484.7  126042.4   -2844.4
 73      3094101  0.7863 -0.8937  126875.0  123273.6       0.0  74      4419586  0.7692 -0.8708  124658.0  125785.9   -2843.2
 73      4266180  3.2626  1.2921  130559.9  127061.3       0.0  74      4419637  3.2060  1.2783  121418.3  123428.6   -2848.5
 73      2446391  0.0844  0.9031  124448.0  126050.1       0.0  74      4419674  0.0838  0.9116  124203.6  123479.6   -2839.5
 73      3127680  0.9378  2.3059  125496.0  128866.1       0.0  74      4419701  0.9102  2.2427  122856.1  122376.0   -2840.7
 73      3158301  0.9420  2.4730  126975.4  129508.4       0.0  74      4419722  0.9366  2.4546  124295.3  122479.6   -2836.0
 73      2908073  0.3466  2.4607  125537.6  129220.1       0.0  74      4419727  0.3479  2.4447  124527.4  122184.8   -2834.3
 73      3125682  0.5379  0.4976  126113.9  126687.2       0.0  74      4419745  0.5474  0.5046  124571.9  125258.3   -2841.7
 73      3127100 -0.0677  0.5069  124460.5  125423.3       0.0  74      4419818 -0.0687  0.5043  124652.5  123991.8   -2838.9
 73      2894101  1.7240  1.0218  128048.8  126781.9       0.0  74      4419831  1.7342  1.0205  123082.1  123845.9   -2844.1
 73      2907747  0.0972  2.9675  124807.1  129770.1       0.0  74      4419919  0.0977  2.9810  124534.5  121343.8   -2831.4
 73      3157492  3.6749  2.8150  129658.6  129360.1       0.0  74      4420434  3.6737  2.8041  119145.6  121311.3   -2849.2
 73      2881205 -0.5076 -3.8678  123932.7  120129.3       0.0  74      4451132 -0.4894 -3.7517  125353.6  130901.2   -2859.4
 73      3096136 -1.3823 -3.6463  122558.1  120529.9       0.0  74      4451150 -1.3825 -3.6487  126490.0  130859.4   -2856.8
 73      3095346 -1.3483 -3.8997  123355.6  119555.7       0.0  74      4451154 -1.3670 -3.9598  127240.0  130772.0   -2854.5
 73      2663507  0.1495 -2.9860  125907.9  120993.7       0.0  74      4451212  0.1278 -2.9304  125536.5  129457.3   -2853.6
 73      3095300 -2.2574 -3.6946  122609.2  119213.9       0.0  74      4451243 -2.2298 -3.6541  128946.8  129561.5   -2846.3
 73      3095692  0.0860 -2.1043  125337.1  122283.1       0.0  74      4451267  0.0757 -2.0575  125094.1  128239.9   -2849.3
 73      3095858  0.1128 -2.2013  125474.6  122367.2       0.0  74      4451269  0.1083 -2.1493  125161.3  128550.3   -2850.3
 73      2435080  0.1611 -1.8463  125766.8  121930.4       0.0  74      4451311  0.1590 -1.8458  125308.6  127219.4   -2845.6
 73      3095689  0.1643 -1.8987  125766.3  121938.9       0.0  74      4451311  0.1590 -1.8458  125308.6  127219.4   -2845.6
 73      2663301 -0.2616 -3.5642  124572.0  119626.1       0.0  74      4451364 -0.2671 -3.6309  125335.1  129876.4   -2855.7
 73      3095974  0.1546 -2.9871  125505.1  119992.3       0.0  74      4451418  0.1573 -2.9605  125059.6  128550.0   -2850.5
 73      3095676  0.1781 -2.3490  126020.9  122211.8       0.0  74      4451420  0.1773 -2.3407  125520.6  128946.0   -2851.4
 73      3095441  0.0404 -2.4530  124940.8  122043.8       0.0  74      4451425  0.0497 -2.3088  124838.0  128673.3   -2851.5
 73      3095212  0.0481 -2.3357  124974.0  121977.0       0.0  74      4451425  0.0497 -2.3088  124838.0  128673.3   -2851.5
 73      2663489 -0.5322 -2.3533  123887.6  120730.5       0.0  74      4451472 -0.5338 -2.3446  125393.3  127340.1   -2845.7
 73      2662044  0.2106 -0.8646  126123.2  123790.9       0.0  74      4451527  0.2088 -0.8587  125527.9  126248.2   -2842.5
 73      2663410 -0.2155 -1.1257  124622.1  123257.9       0.0  74      4451530 -0.2143 -1.1153  125243.5  126484.1   -2843.9
 73      3095989  0.0338 -1.0890  125240.1  123160.7       0.0  74      4451534  0.0342 -1.0692  125144.7  126282.6   -2843.6
 73      2662951 -1.2269 -0.7892  123086.6  124071.2       0.0  74      4451543 -1.1849 -0.7622  126539.5  126286.3   -2839.2
 73      3095660 -0.9106 -1.4188  124137.7  122266.6       0.0  74      4451547 -0.9088 -1.4117  126741.2  126308.4   -2838.6
 73      2663580 -0.2447 -1.2080  124247.7  123320.3       0.0  74      4451598 -0.2520 -1.2518  124946.6  126753.6   -2845.5
 73      2881218 -0.2560 -1.2421  124199.8  122916.7       0.0  74      4451598 -0.2520 -1.2518  124946.6  126753.6   -2845.5
 73      2434987  0.2344 -1.0507  125583.6  123892.6       0.0  74      4451601  0.2402 -1.0821  124910.0  126913.4   -2846.0
 73      2663598  0.1933 -1.5026  125868.3  123609.6       0.0  74      4451627  0.1980 -1.5215  125307.6  127868.5   -2847.4
 73      2663366 -0.3908 -2.0120  124601.8  122173.8       0.0  74      4451835 -0.3803 -1.9509  125678.2  127777.4   -2846.0
 73      3095832 -0.6523 -2.0818  123973.6  122432.6       0.0  74      4452080 -0.6402 -2.0511  125831.0  128330.5   -2848.2
 73      3095169 -0.8828 -2.2436  123325.5  121934.1       0.0  74      4452085 -0.8822 -2.2413  125851.1  128331.1   -2848.2
 73      2663041 -0.2636 -2.5781  125042.3  121120.7       0.0  74      4452088 -0.2522 -2.5191  125769.6  128276.6   -2848.0
 73      3095604 -0.8105 -2.0996  123538.4  121075.7       0.0  74      4452138 -0.7875 -2.0331  125832.0  126985.5   -2843.5
 73      3095706 -1.7855 -1.8825  122292.5  123254.7       0.0  74      4452227 -1.8018 -1.9027  127396.7  128632.6   -2847.0
 73      3095550 -0.6891 -3.0934  123928.6  119899.6       0.0  74      4452239 -0.7003 -3.1132  125909.0  128690.5   -2849.7
 73      2434965 -0.1520 -1.5382  125684.6  123339.9       0.0  74      4452289 -0.1514 -1.5475  126118.3  127709.8   -2845.2
 73      2881181 -0.6130 -2.1119  123994.3  121511.8       0.0  74      4452305 -0.6025 -2.0665  125718.7  127439.0   -2845.0
 73      2663654 -1.3878 -1.2158  123887.6  122733.4       0.0  74      4452334 -1.3807 -1.2098  127842.8  126192.9   -2835.7
 73      3521203  0.5125 -4.7092  125247.5  117512.1       0.0  74      4452405  0.5017 -4.6406  123809.7  130752.9   -2861.1
 73      2662202  1.7198 -2.4266  126920.6  121653.0       0.0  74      4452531  1.7034 -2.4071  122151.6  128381.1   -2859.9
 73      3095210  0.1639 -2.2220  124431.2  121765.7       0.0  74      4452549  0.1658 -2.2392  123962.7  128145.9   -2852.3
 73      2894653  0.2309 -0.9418  124736.4  124173.2       0.0  74      4452604  0.2286 -0.9720  124071.5  126945.3   -2848.3
 73      2894671  0.2864 -0.7826  124568.7  124722.0       0.0  74      4452616  0.2747 -0.7599  123750.8  126963.3   -2849.1
 73      3094509  1.9250 -3.0740  127659.3  121153.3       0.0  74      4452648  1.9420 -3.0882  122239.0  129812.8   -2863.2
 73      2663413  0.4258 -1.8320  124617.8  123330.6       0.0  74      4452744  0.4211 -1.8264  123395.0  128595.8   -2855.5
 73      2881192  0.7782 -2.7842  125567.5  121197.9       0.0  74      4452745  0.7411 -2.6621  123416.1  128903.2   -2856.5
 73      2663044  0.1792 -2.4262  124563.1  121172.1       0.0  74      4452950  0.1813 -2.4723  124053.9  128049.5   -2851.7
 73      3094813  1.3473 -3.3805  127512.2  119416.3       0.0  74      4453013  1.3302 -3.3467  123698.5  128975.3   -2855.8
 73      3094402  1.9891 -1.1125  127046.1  123735.7       0.0  74      4453082  1.9585 -1.0930  121373.1  126912.9   -2858.2
 73      2663047  0.2056 -1.8886  124820.2  121418.0       0.0  74      4453120  0.2078 -1.9057  124233.2  126776.6   -2847.4
 73      2434985  0.3025 -1.2871  125517.2  124021.7       0.0  74      4453191  0.3603 -1.3505  124590.9  127768.2   -2849.2
 73      2662542  2.0042 -2.4239  127125.3  122167.9       0.0  74      4453224  2.0033 -2.4189  121423.4  129064.2   -2864.2
 73      2663542 -0.2054 -2.3639  123939.3  122350.0       0.0  74      4453288 -0.2070 -2.3771  124530.6  129110.4   -2853.9
 73      3519036  0.6512 -4.4840  126042.3  117813.8       0.0  74      4453351  0.6548 -4.5094  124179.2  130518.0   -2859.7
 73      3093797  1.0926 -2.2814  126299.0  121715.2       0.0  74      4453496  1.0945 -2.2965  123167.1  128262.8   -2855.3
 73      2662467  1.2568 -3.1525  127777.3  119682.3       0.0  74      4453647  1.2670 -3.1891  124183.9  128718.6   -2853.5
 73      2663367  0.0060 -2.2314  124702.9  122278.3       0.0  74      4453649  0.0059 -2.2344  124687.7  128570.2   -2851.6
 73      3095899 -0.3892 -2.6862  123665.3  121227.0       0.0  74      4453657 -0.3828 -2.6465  124756.7  128771.4   -2852.0
 73      3095018  0.2117 -2.2554  124751.3  121140.3       0.0  74      4453715  0.2046 -2.2479  124169.1  127530.6   -2849.8
 73      2663047  0.2056 -1.8886  124820.2  121418.0       0.0  74      4453715  0.2046 -2.2479  124169.1  127530.6   -2849.8
 73      2662393  3.9207 -3.5218  130202.5  120825.1       0.0  74      4453851  3.9164 -3.5125  118928.0  130945.1   -2879.3
 73      3522799 -4.7242 -5.3312  118851.8  117825.9       0.0  74      4485466 -4.5846 -5.1864  131959.7  132637.5   -2853.7
 73      3095341 -1.0677 -4.3770  123405.5  119581.5       0.0  74      4487379 -1.0462 -4.2753  126416.2  131874.9   -2860.8
 73      3126939 -2.9191  2.5162  121763.1  128219.6       0.0  74      4847158 -3.0119  2.5900  130126.9  121005.5   -2810.8
 73      3160419 -4.4755  3.1900  118715.7  129875.6       0.0  74      4847178 -4.5584  3.2327  131387.9  120849.7   -2807.2
 73      2894487 -1.1811  3.3148  123150.4  128947.1       0.0  74      4848878 -1.2004  3.3577  126550.5  119397.6   -2813.9
 73      3126764 -1.4994  2.5184  122986.6  127586.5       0.0  74      4848930 -1.5129  2.5367  127184.1  120556.0   -2817.3
 73      3127661 -1.2733  3.4559  123830.3  129072.3       0.0  74      4849082 -1.2772  3.4589  127424.8  119324.0   -2810.3
 73      2907727 -1.6978  3.4406  122784.1  129591.3       0.0  74      4849250 -1.6993  3.4326  127557.8  119935.4   -2812.7
 73      2907808 -0.4619  3.8608  124410.6  129725.7       0.0  74      4849511 -0.4742  3.8751  125714.5  118848.3   -2815.0
 73      3159468  0.6742  3.6960  125803.4  130256.8       0.0  74      4849899  0.6605  3.6073  123931.2  120047.1   -2828.8
 73      2907841  0.1509  4.3699  124255.0  131267.5       0.0  74      4849972  0.1466  4.2971  123826.8  118905.1   -2824.5
 73      3159075  0.0751  4.1074  124263.2  131108.2       0.0  74      4850421  0.0696  4.2061  124060.8  119506.6   -2825.9
 73      2894775 -0.2005  2.4262  124173.4  127553.1       0.0  74      4850470 -0.2014  2.4250  124735.4  120734.4   -2828.5
 73      3159080  0.0084  4.0620  124439.7  131291.8       0.0  74      4850582  0.0128  4.0380  124413.5  119830.8   -2825.5
 73      3159385 -0.3185  4.0480  123863.1  131481.9       0.0  74      4850700 -0.2907  3.9523  124716.7  120353.4   -2826.7
 73      2894803  0.4428  3.0268  125527.4  128510.9       0.0  74      4850709  0.4424  2.9975  124284.1  120024.7   -2827.2
 73      3157746  3.4835  3.5225  129387.0  130907.0       0.0  74      4851731  3.4832  3.5027  119389.8  120813.6   -2846.8
 73      3157755  3.5057  3.5485  129396.4  130915.8       0.0  74      4851731  3.4832  3.5027  119389.8  120813.6   -2846.8
 73      3126918 -0.6203 -0.5231  124760.9  125141.7       0.0  74      4890000 -0.6382 -0.5207  126559.1  126628.0   -2840.1
